 0.00000028869974258 0.00000520154370459 0.00000992060009470 0.00001401559059383
 0.00001770010130492 0.00002118048969478 0.00002473397899997 0.00002845065002095
 0.00003219890089533 0.00003590755820967 0.00003963878073587 0.00004345194565111
 0.00004724813272341 0.00005107770913138 0.00005496055363041 0.00005891820229143
 0.00006295627027833 0.00006706291418311 0.00007121853492409 0.00007547623977490
 0.00007993386849365 0.00008449315244386 0.00008914181753196 0.00009390180555626
 0.00009878253145420 0.00010382492684340 0.00010897223496543 0.00011427891250063
 0.00011973598387810 0.00012535999302304 0.00013107953090008 0.00013686904658613
 0.00014274870412828 0.00014875294446464 0.00015495103537815 0.00016135927345437
 0.00016796640781714 0.00017480690735766 0.00018188196343729 0.00018920142860285
 0.00019687721059952 0.00020489066537524 0.00021326373101717 0.00022213629241308
 0.00023126363135029 0.00024081175518911 0.00025073391247408 0.00026100921828127
 0.00027177739961161 0.00028283053227048 0.00029459395190356 0.00030673278123447
 0.00031967912106482 0.00033334259784468 0.00034762027552141 0.00036300703428008
 0.00037898232111224 0.00039600483211286 0.00041365027562026 0.00043223864925455
 0.00045184401171005 0.00047267806246914 0.00049497943396906 0.00051871179680537
 0.00054393442205055 0.00057032668115967 0.00059853201904923 0.00062867639576997
 0.00066115320976410 0.00069661785487305 0.00073514807324737 0.00077681345363675
 0.00082149628560101 0.00087008580238862 0.00092326697296240 0.00098213762705985
 0.00104933772787177 0.00112287892081459 0.00120317197744174 0.00129109159585773
 0.00139021587329108 0.00150203951875751 0.00163057731176444 0.00177744966591370
 0.00194453469240023 0.00213671253175994 0.00236207223018998 0.00264253559197828
 0.00299422693490363 0.00344379476148051 0.00402395028851301 0.00484080201519514
 0.00619076741971835 0.00823280554146666 0.47978593476955461 1.00000000000000000
-0.00248584001569062 0.00966736923196569 0.01983118461164526 0.03034874925006521
 0.04084531394723187 0.05134300774003338 0.06182704313112711 0.07206173246616014
 0.08247525281138755 0.09285419274873845 0.10317497508129718 0.11335598194119380
 0.12338623803219405 0.13383539690210183 0.14433995990918916 0.15485079827958578
 0.16544740859261539 0.17593039316795803 0.18623491248492163 0.19624813846552625
 0.20627117004998616 0.21642771986296161 0.22655177727405457 0.23683005574189400
 0.24725861598523172 0.25793030149370760 0.26860440844165351 0.27933926429323919
 0.29011317622210642 0.30073052954261648 0.31111358958216351 0.32146146748945581
 0.33169542106405064 0.34201937428483048 0.35254417760594459 0.36320108020310582
 0.37384767502341981 0.38439286724634747 0.39497027308904248 0.40539163407432188
 0.41577646200341589 0.42617192473168264 0.43650559951237694 0.44682392236134566
 0.45732826394905712 0.46807376801696426 0.47884444369393353 0.48953934432380547
 0.50016966157075404 0.51073842665199654 0.52138232353802472 0.53210688849532228
 0.54283738339136711 0.55347734148346539 0.56412892702174255 0.57482812420558305
 0.58542388780143773 0.59589450880319161 0.60647334715351897 0.61724181816815349
 0.62803412110012424 0.63874232036050593 0.64951419955283440 0.66032589457719448
 0.67116727608640747 0.68187708735034680 0.69253178779304281 0.70323396807496841
 0.71415428959571881 0.72514321075406751 0.73590324095371118 0.74634862185445916
 0.75674327095005001 0.76708264247159719 0.77745221753452942 0.78794880914074139
 0.79865004018726049 0.80953387950364430 0.82035728952751474 0.83098524436338062
 0.84145607767900488 0.85191506554409957 0.86256082242670784 0.87327286230693324
 0.88379403937322476 0.89413585022605124 0.90455921279804730 0.91504484340603476
 0.92573101466282592 0.93660731613120785 0.94753109853412021 0.95836659963464532
 0.96892882049083318 0.97957648146999410 0.98953513387519476 1.00000000000000000
-0.00235285364991179 0.01422085425433833 0.02828911363163009 0.04213233315296557
 0.05520421880131880 0.06791507020222831 0.08029476670483332 0.09244617103234153
 0.10415640589418772 0.11526700447078649 0.12603608012071851 0.13668938876366812
 0.14718133314408538 0.15727063887201775 0.16719501230081810 0.17702975022501075
 0.18671987109699842 0.19613407649060560 0.20531452766046146 0.21461098984131322
 0.22380158723060353 0.23291412544879664 0.24183125556687746 0.25085258824527162
 0.25972066662102677 0.26867601395246182 0.27744277841199400 0.28612401869146298
 0.29468273191176864 0.30302948847976158 0.31131733032619768 0.31963927871060277
 0.32795861945563076 0.33619710445637230 0.34432969955809806 0.35240393715454521
 0.36049642195266329 0.36862259345741749 0.37668729656401417 0.38465002672906085
 0.39261769583712669 0.40070960620910406 0.40888850302335694 0.41705633721734087
 0.42517771357433037 0.43322435425178046 0.44121797460195283 0.44912362600015898
 0.45698444287210693 0.46483260099479523 0.47276141111113995 0.48083776523553529
 0.48909649130702881 0.49742854315196333 0.50548726965449942 0.51350225021359686
 0.52149643166414750 0.52946259530382134 0.53741486139296279 0.54529447751346416
 0.55322016083752135 0.56127735257395661 0.56939967981479667 0.57750261481052501
 0.58563929452556951 0.59384275073986059 0.60211153569997478 0.61054971488539522
 0.61915201483341564 0.62785203294357605 0.63655859155328398 0.64533488391581784
 0.65413379005589467 0.66304500934250332 0.67201503421808062 0.68109544044904280
 0.69016728583954590 0.69933160206476142 0.70864559749744338 0.71827142052453219
 0.72814414383549275 0.73829836607555077 0.74854348805004578 0.75920246636942046
 0.77034050575931001 0.78189580470597020 0.79394625835636568 0.80648836564099213
 0.81978194876717347 0.83378317808318925 0.84857265184851860 0.86451996267375664
 0.88226850745327956 0.90371370517792282 0.93211551395597325 1.00000000000000000
-0.02701312158167576 0.13247558735854228 0.17174077758646808 0.19545503945800943
 0.21346865869623749 0.22844184094199629 0.24138991306454283 0.25321090963146742
 0.26384125922590956 0.27387539867159810 0.28329675173882513 0.29224531308465046
 0.30051826819567307 0.30839127701608826 0.31591851587812619 0.32312384266805916
 0.33010316605862799 0.33687048521039770 0.34342026040433277 0.34985450366074383
 0.35610538829714700 0.36225332406851596 0.36830114300711109 0.37428945399025132
 0.38007959448511547 0.38577634853457249 0.39141509437495042 0.39692103504112114
 0.40230987524674916 0.40766215514181559 0.41298111340881238 0.41821265473265812
 0.42330744555288941 0.42834493914696992 0.43334931388340620 0.43829446614006873
 0.44322143879226306 0.44814291379022947 0.45302841671385552 0.45786373230332017
 0.46266586760967598 0.46745934859471477 0.47224005116216106 0.47700672218234852
 0.48180681326831198 0.48666563200675900 0.49152663886927128 0.49639207768620891
 0.50123493452576973 0.50613013039182131 0.51098018443870530 0.51584219773643181
 0.52073192501546495 0.52565684068739782 0.53060581906498949 0.53559125233775184
 0.54058730824064449 0.54555555153768187 0.55052826244273589 0.55555554824524633
 0.56063434953595248 0.56572928164906477 0.57083635849512970 0.57600157447311362
 0.58117034393930744 0.58636839264978824 0.59157299212703862 0.59681685132842954
 0.60218027469059809 0.60771754327184435 0.61335818579340684 0.61905196812152008
 0.62478257064587639 0.63066948773276732 0.63664188306867564 0.64273766398773591
 0.64899208692682320 0.65545455392951280 0.66205455286094839 0.66882907991448393
 0.67580290668985166 0.68295865845962855 0.69039675717444104 0.69819047531218781
 0.70631300018620180 0.71506830732468973 0.72436336025416126 0.73444658733606760
 0.74517962712938957 0.75684651883605025 0.76948020326612898 0.78430693307349697
 0.80211976551148845 0.82546385590618643 0.86072776988101329 1.00000000000000000
-0.97916666666666663-0.95833333333333337-0.93750000000000000-0.91666666666666663
-0.89583333333333337-0.87500000000000000-0.85416666666666663-0.83333333333333337
-0.81250000000000000-0.79166666666666663-0.77083333333333337-0.75000000000000000
-0.72916666666666663-0.70833333333333337-0.68750000000000000-0.66666666666666663
-0.64583333333333337-0.62500000000000000-0.60416666666666663-0.58333333333333337
-0.56250000000000000-0.54166666666666663-0.52083333333333337-0.50000000000000000
-0.47916666666666669-0.45833333333333331-0.43750000000000000-0.41666666666666669
-0.39583333333333331-0.37500000000000000-0.35416666666666669-0.33333333333333331
-0.31250000000000000-0.29166666666666669-0.27083333333333331-0.25000000000000000
-0.22916666666666666-0.20833333333333334-0.18750000000000000-0.16666666666666666
-0.14583333333333334-0.12500000000000000-0.10416666666666667-0.08333333333333333
-0.06250000000000000-0.04166666666666666-0.02083333333333333 0.00000000000000000
 0.02083333333333333 0.04166666666666666 0.06250000000000000 0.08333333333333333
 0.10416666666666667 0.12500000000000000 0.14583333333333334 0.16666666666666666
 0.18750000000000000 0.20833333333333334 0.22916666666666666 0.25000000000000000
 0.27083333333333331 0.29166666666666669 0.31250000000000000 0.33333333333333331
 0.35416666666666669 0.37500000000000000 0.39583333333333331 0.41666666666666669
 0.43750000000000000 0.45833333333333331 0.47916666666666669 0.50000000000000000
 0.52083333333333337 0.54166666666666663 0.56250000000000000 0.58333333333333337
 0.60416666666666663 0.62500000000000000 0.64583333333333337 0.66666666666666663
 0.68750000000000000 0.70833333333333337 0.72916666666666663 0.75000000000000000
 0.77083333333333337 0.79166666666666663 0.81250000000000000 0.83333333333333337
 0.85416666666666663 0.87500000000000000 0.89583333333333337 0.91666666666666663
 0.93750000000000000 0.95833333333333337 0.97916666666666663 1.00000000000000000
-0.97916666666666663-0.95833333333333337-0.93750000000000000-0.91666666666666663
-0.89583333333333337-0.87500000000000000-0.85416666666666663-0.83333333333333337
-0.81250000000000000-0.79166666666666663-0.77083333333333337-0.75000000000000000
-0.72916666666666663-0.70833333333333337-0.68750000000000000-0.66666666666666663
-0.64583333333333337-0.62500000000000000-0.60416666666666663-0.58333333333333337
-0.56250000000000000-0.54166666666666663-0.52083333333333337-0.50000000000000000
-0.47916666666666669-0.45833333333333331-0.43750000000000000-0.41666666666666669
-0.39583333333333331-0.37500000000000000-0.35416666666666669-0.33333333333333331
-0.31250000000000000-0.29166666666666669-0.27083333333333331-0.25000000000000000
-0.22916666666666666-0.20833333333333334-0.18750000000000000-0.16666666666666666
-0.14583333333333334-0.12500000000000000-0.10416666666666667-0.08333333333333333
-0.06250000000000000-0.04166666666666666-0.02083333333333333 0.00000000000000000
 0.02083333333333333 0.04166666666666666 0.06250000000000000 0.08333333333333333
 0.10416666666666667 0.12500000000000000 0.14583333333333334 0.16666666666666666
 0.18750000000000000 0.20833333333333334 0.22916666666666666 0.25000000000000000
 0.27083333333333331 0.29166666666666669 0.31250000000000000 0.33333333333333331
 0.35416666666666669 0.37500000000000000 0.39583333333333331 0.41666666666666669
 0.43750000000000000 0.45833333333333331 0.47916666666666669 0.50000000000000000
 0.52083333333333337 0.54166666666666663 0.56250000000000000 0.58333333333333337
 0.60416666666666663 0.62500000000000000 0.64583333333333337 0.66666666666666663
 0.68750000000000000 0.70833333333333337 0.72916666666666663 0.75000000000000000
 0.77083333333333337 0.79166666666666663 0.81250000000000000 0.83333333333333337
 0.85416666666666663 0.87500000000000000 0.89583333333333337 0.91666666666666663
 0.93750000000000000 0.95833333333333337 0.97916666666666663 1.00000000000000000
-0.97916666666666663-0.95833333333333337-0.93750000000000000-0.91666666666666663
-0.89583333333333337-0.87500000000000000-0.85416666666666663-0.83333333333333337
-0.81250000000000000-0.79166666666666663-0.77083333333333337-0.75000000000000000
-0.72916666666666663-0.70833333333333337-0.68750000000000000-0.66666666666666663
-0.64583333333333337-0.62500000000000000-0.60416666666666663-0.58333333333333337
-0.56250000000000000-0.54166666666666663-0.52083333333333337-0.50000000000000000
-0.47916666666666669-0.45833333333333331-0.43750000000000000-0.41666666666666669
-0.39583333333333331-0.37500000000000000-0.35416666666666669-0.33333333333333331
-0.31250000000000000-0.29166666666666669-0.27083333333333331-0.25000000000000000
-0.22916666666666666-0.20833333333333334-0.18750000000000000-0.16666666666666666
-0.14583333333333334-0.12500000000000000-0.10416666666666667-0.08333333333333333
-0.06250000000000000-0.04166666666666666-0.02083333333333333 0.00000000000000000
 0.02083333333333333 0.04166666666666666 0.06250000000000000 0.08333333333333333
 0.10416666666666667 0.12500000000000000 0.14583333333333334 0.16666666666666666
 0.18750000000000000 0.20833333333333334 0.22916666666666666 0.25000000000000000
 0.27083333333333331 0.29166666666666669 0.31250000000000000 0.33333333333333331
 0.35416666666666669 0.37500000000000000 0.39583333333333331 0.41666666666666669
 0.43750000000000000 0.45833333333333331 0.47916666666666669 0.50000000000000000
 0.52083333333333337 0.54166666666666663 0.56250000000000000 0.58333333333333337
 0.60416666666666663 0.62500000000000000 0.64583333333333337 0.66666666666666663
 0.68750000000000000 0.70833333333333337 0.72916666666666663 0.75000000000000000
 0.77083333333333337 0.79166666666666663 0.81250000000000000 0.83333333333333337
 0.85416666666666663 0.87500000000000000 0.89583333333333337 0.91666666666666663
 0.93750000000000000 0.95833333333333337 0.97916666666666663 1.00000000000000000
-0.97916666666666663-0.95833333333333337-0.93750000000000000-0.91666666666666663
-0.89583333333333337-0.87500000000000000-0.85416666666666663-0.83333333333333337
-0.81250000000000000-0.79166666666666663-0.77083333333333337-0.75000000000000000
-0.72916666666666663-0.70833333333333337-0.68750000000000000-0.66666666666666663
-0.64583333333333337-0.62500000000000000-0.60416666666666663-0.58333333333333337
-0.56250000000000000-0.54166666666666663-0.52083333333333337-0.50000000000000000
-0.47916666666666669-0.45833333333333331-0.43750000000000000-0.41666666666666669
-0.39583333333333331-0.37500000000000000-0.35416666666666669-0.33333333333333331
-0.31250000000000000-0.29166666666666669-0.27083333333333331-0.25000000000000000
-0.22916666666666666-0.20833333333333334-0.18750000000000000-0.16666666666666666
-0.14583333333333334-0.12500000000000000-0.10416666666666667-0.08333333333333333
-0.06250000000000000-0.04166666666666666-0.02083333333333333 0.00000000000000000
 0.02083333333333333 0.04166666666666666 0.06250000000000000 0.08333333333333333
 0.10416666666666667 0.12500000000000000 0.14583333333333334 0.16666666666666666
 0.18750000000000000 0.20833333333333334 0.22916666666666666 0.25000000000000000
 0.27083333333333331 0.29166666666666669 0.31250000000000000 0.33333333333333331
 0.35416666666666669 0.37500000000000000 0.39583333333333331 0.41666666666666669
 0.43750000000000000 0.45833333333333331 0.47916666666666669 0.50000000000000000
 0.52083333333333337 0.54166666666666663 0.56250000000000000 0.58333333333333337
 0.60416666666666663 0.62500000000000000 0.64583333333333337 0.66666666666666663
 0.68750000000000000 0.70833333333333337 0.72916666666666663 0.75000000000000000
 0.77083333333333337 0.79166666666666663 0.81250000000000000 0.83333333333333337
 0.85416666666666663 0.87500000000000000 0.89583333333333337 0.91666666666666663
 0.93750000000000000 0.95833333333333337 0.97916666666666663 1.00000000000000000
-0.97916666666666663-0.95833333333333337-0.93750000000000000-0.91666666666666663
-0.89583333333333337-0.87500000000000000-0.85416666666666663-0.83333333333333337
-0.81250000000000000-0.79166666666666663-0.77083333333333337-0.75000000000000000
-0.72916666666666663-0.70833333333333337-0.68750000000000000-0.66666666666666663
-0.64583333333333337-0.62500000000000000-0.60416666666666663-0.58333333333333337
-0.56250000000000000-0.54166666666666663-0.52083333333333337-0.50000000000000000
-0.47916666666666669-0.45833333333333331-0.43750000000000000-0.41666666666666669
-0.39583333333333331-0.37500000000000000-0.35416666666666669-0.33333333333333331
-0.31250000000000000-0.29166666666666669-0.27083333333333331-0.25000000000000000
-0.22916666666666666-0.20833333333333334-0.18750000000000000-0.16666666666666666
-0.14583333333333334-0.12500000000000000-0.10416666666666667-0.08333333333333333
-0.06250000000000000-0.04166666666666666-0.02083333333333333 0.00000000000000000
 0.02083333333333333 0.04166666666666666 0.06250000000000000 0.08333333333333333
 0.10416666666666667 0.12500000000000000 0.14583333333333334 0.16666666666666666
 0.18750000000000000 0.20833333333333334 0.22916666666666666 0.25000000000000000
 0.27083333333333331 0.29166666666666669 0.31250000000000000 0.33333333333333331
 0.35416666666666669 0.37500000000000000 0.39583333333333331 0.41666666666666669
 0.43750000000000000 0.45833333333333331 0.47916666666666669 0.50000000000000000
 0.52083333333333337 0.54166666666666663 0.56250000000000000 0.58333333333333337
 0.60416666666666663 0.62500000000000000 0.64583333333333337 0.66666666666666663
 0.68750000000000000 0.70833333333333337 0.72916666666666663 0.75000000000000000
 0.77083333333333337 0.79166666666666663 0.81250000000000000 0.83333333333333337
 0.85416666666666663 0.87500000000000000 0.89583333333333337 0.91666666666666663
 0.93750000000000000 0.95833333333333337 0.97916666666666663 1.00000000000000000
-0.97916666666666663-0.95833333333333337-0.93750000000000000-0.91666666666666663
-0.89583333333333337-0.87500000000000000-0.85416666666666663-0.83333333333333337
-0.81250000000000000-0.79166666666666663-0.77083333333333337-0.75000000000000000
-0.72916666666666663-0.70833333333333337-0.68750000000000000-0.66666666666666663
-0.64583333333333337-0.62500000000000000-0.60416666666666663-0.58333333333333337
-0.56250000000000000-0.54166666666666663-0.52083333333333337-0.50000000000000000
-0.47916666666666669-0.45833333333333331-0.43750000000000000-0.41666666666666669
-0.39583333333333331-0.37500000000000000-0.35416666666666669-0.33333333333333331
-0.31250000000000000-0.29166666666666669-0.27083333333333331-0.25000000000000000
-0.22916666666666666-0.20833333333333334-0.18750000000000000-0.16666666666666666
-0.14583333333333334-0.12500000000000000-0.10416666666666667-0.08333333333333333
-0.06250000000000000-0.04166666666666666-0.02083333333333333 0.00000000000000000
 0.02083333333333333 0.04166666666666666 0.06250000000000000 0.08333333333333333
 0.10416666666666667 0.12500000000000000 0.14583333333333334 0.16666666666666666
 0.18750000000000000 0.20833333333333334 0.22916666666666666 0.25000000000000000
 0.27083333333333331 0.29166666666666669 0.31250000000000000 0.33333333333333331
 0.35416666666666669 0.37500000000000000 0.39583333333333331 0.41666666666666669
 0.43750000000000000 0.45833333333333331 0.47916666666666669 0.50000000000000000
 0.52083333333333337 0.54166666666666663 0.56250000000000000 0.58333333333333337
 0.60416666666666663 0.62500000000000000 0.64583333333333337 0.66666666666666663
 0.68750000000000000 0.70833333333333337 0.72916666666666663 0.75000000000000000
 0.77083333333333337 0.79166666666666663 0.81250000000000000 0.83333333333333337
 0.85416666666666663 0.87500000000000000 0.89583333333333337 0.91666666666666663
 0.93750000000000000 0.95833333333333337 0.97916666666666663 1.00000000000000000
-0.97916666666666663-0.95833333333333337-0.93750000000000000-0.91666666666666663
-0.89583333333333337-0.87500000000000000-0.85416666666666663-0.83333333333333337
-0.81250000000000000-0.79166666666666663-0.77083333333333337-0.75000000000000000
-0.72916666666666663-0.70833333333333337-0.68750000000000000-0.66666666666666663
-0.64583333333333337-0.62500000000000000-0.60416666666666663-0.58333333333333337
-0.56250000000000000-0.54166666666666663-0.52083333333333337-0.50000000000000000
-0.47916666666666669-0.45833333333333331-0.43750000000000000-0.41666666666666669
-0.39583333333333331-0.37500000000000000-0.35416666666666669-0.33333333333333331
-0.31250000000000000-0.29166666666666669-0.27083333333333331-0.25000000000000000
-0.22916666666666666-0.20833333333333334-0.18750000000000000-0.16666666666666666
-0.14583333333333334-0.12500000000000000-0.10416666666666667-0.08333333333333333
-0.06250000000000000-0.04166666666666666-0.02083333333333333 0.00000000000000000
 0.02083333333333333 0.04166666666666666 0.06250000000000000 0.08333333333333333
 0.10416666666666667 0.12500000000000000 0.14583333333333334 0.16666666666666666
 0.18750000000000000 0.20833333333333334 0.22916666666666666 0.25000000000000000
 0.27083333333333331 0.29166666666666669 0.31250000000000000 0.33333333333333331
 0.35416666666666669 0.37500000000000000 0.39583333333333331 0.41666666666666669
 0.43750000000000000 0.45833333333333331 0.47916666666666669 0.50000000000000000
 0.52083333333333337 0.54166666666666663 0.56250000000000000 0.58333333333333337
 0.60416666666666663 0.62500000000000000 0.64583333333333337 0.66666666666666663
 0.68750000000000000 0.70833333333333337 0.72916666666666663 0.75000000000000000
 0.77083333333333337 0.79166666666666663 0.81250000000000000 0.83333333333333337
 0.85416666666666663 0.87500000000000000 0.89583333333333337 0.91666666666666663
 0.93750000000000000 0.95833333333333337 0.97916666666666663 1.00000000000000000
-0.97916666666666663-0.95833333333333337-0.93750000000000000-0.91666666666666663
-0.89583333333333337-0.87500000000000000-0.85416666666666663-0.83333333333333337
-0.81250000000000000-0.79166666666666663-0.77083333333333337-0.75000000000000000
-0.72916666666666663-0.70833333333333337-0.68750000000000000-0.66666666666666663
-0.64583333333333337-0.62500000000000000-0.60416666666666663-0.58333333333333337
-0.56250000000000000-0.54166666666666663-0.52083333333333337-0.50000000000000000
-0.47916666666666669-0.45833333333333331-0.43750000000000000-0.41666666666666669
-0.39583333333333331-0.37500000000000000-0.35416666666666669-0.33333333333333331
-0.31250000000000000-0.29166666666666669-0.27083333333333331-0.25000000000000000
-0.22916666666666666-0.20833333333333334-0.18750000000000000-0.16666666666666666
-0.14583333333333334-0.12500000000000000-0.10416666666666667-0.08333333333333333
-0.06250000000000000-0.04166666666666666-0.02083333333333333 0.00000000000000000
 0.02083333333333333 0.04166666666666666 0.06250000000000000 0.08333333333333333
 0.10416666666666667 0.12500000000000000 0.14583333333333334 0.16666666666666666
 0.18750000000000000 0.20833333333333334 0.22916666666666666 0.25000000000000000
 0.27083333333333331 0.29166666666666669 0.31250000000000000 0.33333333333333331
 0.35416666666666669 0.37500000000000000 0.39583333333333331 0.41666666666666669
 0.43750000000000000 0.45833333333333331 0.47916666666666669 0.50000000000000000
 0.52083333333333337 0.54166666666666663 0.56250000000000000 0.58333333333333337
 0.60416666666666663 0.62500000000000000 0.64583333333333337 0.66666666666666663
 0.68750000000000000 0.70833333333333337 0.72916666666666663 0.75000000000000000
 0.77083333333333337 0.79166666666666663 0.81250000000000000 0.83333333333333337
 0.85416666666666663 0.87500000000000000 0.89583333333333337 0.91666666666666663
 0.93750000000000000 0.95833333333333337 0.97916666666666663 1.00000000000000000
-0.97916666666666663-0.95833333333333337-0.93750000000000000-0.91666666666666663
-0.89583333333333337-0.87500000000000000-0.85416666666666663-0.83333333333333337
-0.81250000000000000-0.79166666666666663-0.77083333333333337-0.75000000000000000
-0.72916666666666663-0.70833333333333337-0.68750000000000000-0.66666666666666663
-0.64583333333333337-0.62500000000000000-0.60416666666666663-0.58333333333333337
-0.56250000000000000-0.54166666666666663-0.52083333333333337-0.50000000000000000
-0.47916666666666669-0.45833333333333331-0.43750000000000000-0.41666666666666669
-0.39583333333333331-0.37500000000000000-0.35416666666666669-0.33333333333333331
-0.31250000000000000-0.29166666666666669-0.27083333333333331-0.25000000000000000
-0.22916666666666666-0.20833333333333334-0.18750000000000000-0.16666666666666666
-0.14583333333333334-0.12500000000000000-0.10416666666666667-0.08333333333333333
-0.06250000000000000-0.04166666666666666-0.02083333333333333 0.00000000000000000
 0.02083333333333333 0.04166666666666666 0.06250000000000000 0.08333333333333333
 0.10416666666666667 0.12500000000000000 0.14583333333333334 0.16666666666666666
 0.18750000000000000 0.20833333333333334 0.22916666666666666 0.25000000000000000
 0.27083333333333331 0.29166666666666669 0.31250000000000000 0.33333333333333331
 0.35416666666666669 0.37500000000000000 0.39583333333333331 0.41666666666666669
 0.43750000000000000 0.45833333333333331 0.47916666666666669 0.50000000000000000
 0.52083333333333337 0.54166666666666663 0.56250000000000000 0.58333333333333337
 0.60416666666666663 0.62500000000000000 0.64583333333333337 0.66666666666666663
 0.68750000000000000 0.70833333333333337 0.72916666666666663 0.75000000000000000
 0.77083333333333337 0.79166666666666663 0.81250000000000000 0.83333333333333337
 0.85416666666666663 0.87500000000000000 0.89583333333333337 0.91666666666666663
 0.93750000000000000 0.95833333333333337 0.97916666666666663 1.00000000000000000
-0.97916666666666663-0.95833333333333337-0.93750000000000000-0.91666666666666663
-0.89583333333333337-0.87500000000000000-0.85416666666666663-0.83333333333333337
-0.81250000000000000-0.79166666666666663-0.77083333333333337-0.75000000000000000
-0.72916666666666663-0.70833333333333337-0.68750000000000000-0.66666666666666663
-0.64583333333333337-0.62500000000000000-0.60416666666666663-0.58333333333333337
-0.56250000000000000-0.54166666666666663-0.52083333333333337-0.50000000000000000
-0.47916666666666669-0.45833333333333331-0.43750000000000000-0.41666666666666669
-0.39583333333333331-0.37500000000000000-0.35416666666666669-0.33333333333333331
-0.31250000000000000-0.29166666666666669-0.27083333333333331-0.25000000000000000
-0.22916666666666666-0.20833333333333334-0.18750000000000000-0.16666666666666666
-0.14583333333333334-0.12500000000000000-0.10416666666666667-0.08333333333333333
-0.06250000000000000-0.04166666666666666-0.02083333333333333 0.00000000000000000
 0.02083333333333333 0.04166666666666666 0.06250000000000000 0.08333333333333333
 0.10416666666666667 0.12500000000000000 0.14583333333333334 0.16666666666666666
 0.18750000000000000 0.20833333333333334 0.22916666666666666 0.25000000000000000
 0.27083333333333331 0.29166666666666669 0.31250000000000000 0.33333333333333331
 0.35416666666666669 0.37500000000000000 0.39583333333333331 0.41666666666666669
 0.43750000000000000 0.45833333333333331 0.47916666666666669 0.50000000000000000
 0.52083333333333337 0.54166666666666663 0.56250000000000000 0.58333333333333337
 0.60416666666666663 0.62500000000000000 0.64583333333333337 0.66666666666666663
 0.68750000000000000 0.70833333333333337 0.72916666666666663 0.75000000000000000
 0.77083333333333337 0.79166666666666663 0.81250000000000000 0.83333333333333337
 0.85416666666666663 0.87500000000000000 0.89583333333333337 0.91666666666666663
 0.93750000000000000 0.95833333333333337 0.97916666666666663 1.00000000000000000
-0.97916666666666663-0.95833333333333337-0.93750000000000000-0.91666666666666663
-0.89583333333333337-0.87500000000000000-0.85416666666666663-0.83333333333333337
-0.81250000000000000-0.79166666666666663-0.77083333333333337-0.75000000000000000
-0.72916666666666663-0.70833333333333337-0.68750000000000000-0.66666666666666663
-0.64583333333333337-0.62500000000000000-0.60416666666666663-0.58333333333333337
-0.56250000000000000-0.54166666666666663-0.52083333333333337-0.50000000000000000
-0.47916666666666669-0.45833333333333331-0.43750000000000000-0.41666666666666669
-0.39583333333333331-0.37500000000000000-0.35416666666666669-0.33333333333333331
-0.31250000000000000-0.29166666666666669-0.27083333333333331-0.25000000000000000
-0.22916666666666666-0.20833333333333334-0.18750000000000000-0.16666666666666666
-0.14583333333333334-0.12500000000000000-0.10416666666666667-0.08333333333333333
-0.06250000000000000-0.04166666666666666-0.02083333333333333 0.00000000000000000
 0.02083333333333333 0.04166666666666666 0.06250000000000000 0.08333333333333333
 0.10416666666666667 0.12500000000000000 0.14583333333333334 0.16666666666666666
 0.18750000000000000 0.20833333333333334 0.22916666666666666 0.25000000000000000
 0.27083333333333331 0.29166666666666669 0.31250000000000000 0.33333333333333331
 0.35416666666666669 0.37500000000000000 0.39583333333333331 0.41666666666666669
 0.43750000000000000 0.45833333333333331 0.47916666666666669 0.50000000000000000
 0.52083333333333337 0.54166666666666663 0.56250000000000000 0.58333333333333337
 0.60416666666666663 0.62500000000000000 0.64583333333333337 0.66666666666666663
 0.68750000000000000 0.70833333333333337 0.72916666666666663 0.75000000000000000
 0.77083333333333337 0.79166666666666663 0.81250000000000000 0.83333333333333337
 0.85416666666666663 0.87500000000000000 0.89583333333333337 0.91666666666666663
 0.93750000000000000 0.95833333333333337 0.97916666666666663 1.00000000000000000
-0.97916666666666663-0.95833333333333337-0.93750000000000000-0.91666666666666663
-0.89583333333333337-0.87500000000000000-0.85416666666666663-0.83333333333333337
-0.81250000000000000-0.79166666666666663-0.77083333333333337-0.75000000000000000
-0.72916666666666663-0.70833333333333337-0.68750000000000000-0.66666666666666663
-0.64583333333333337-0.62500000000000000-0.60416666666666663-0.58333333333333337
-0.56250000000000000-0.54166666666666663-0.52083333333333337-0.50000000000000000
-0.47916666666666669-0.45833333333333331-0.43750000000000000-0.41666666666666669
-0.39583333333333331-0.37500000000000000-0.35416666666666669-0.33333333333333331
-0.31250000000000000-0.29166666666666669-0.27083333333333331-0.25000000000000000
-0.22916666666666666-0.20833333333333334-0.18750000000000000-0.16666666666666666
-0.14583333333333334-0.12500000000000000-0.10416666666666667-0.08333333333333333
-0.06250000000000000-0.04166666666666666-0.02083333333333333 0.00000000000000000
 0.02083333333333333 0.04166666666666666 0.06250000000000000 0.08333333333333333
 0.10416666666666667 0.12500000000000000 0.14583333333333334 0.16666666666666666
 0.18750000000000000 0.20833333333333334 0.22916666666666666 0.25000000000000000
 0.27083333333333331 0.29166666666666669 0.31250000000000000 0.33333333333333331
 0.35416666666666669 0.37500000000000000 0.39583333333333331 0.41666666666666669
 0.43750000000000000 0.45833333333333331 0.47916666666666669 0.50000000000000000
 0.52083333333333337 0.54166666666666663 0.56250000000000000 0.58333333333333337
 0.60416666666666663 0.62500000000000000 0.64583333333333337 0.66666666666666663
 0.68750000000000000 0.70833333333333337 0.72916666666666663 0.75000000000000000
 0.77083333333333337 0.79166666666666663 0.81250000000000000 0.83333333333333337
 0.85416666666666663 0.87500000000000000 0.89583333333333337 0.91666666666666663
 0.93750000000000000 0.95833333333333337 0.97916666666666663 1.00000000000000000
 1.00000000000000000 0.00000000000000000 0.00000000000000000 0.00000000000000000
 0.00000000000000000 0.00000000000000000 0.00000000000000000 0.00000000000000000
 0.00000000000000000 0.00000000000000000
