-0.00009287932085880 0.00088271356796166 0.00206064916767625 0.00378194709875471
 0.00601367323912850 0.00874682006928129 0.01194129422121780 0.01574895224235999
 0.02001116668597074 0.02458514758091454 0.02951861126756163 0.03477019872735875
 0.04011548128844835 0.04573511432742859 0.05173764525972886 0.05804467809339733
 0.06461078065070346 0.07146018412814104 0.07845234925548805 0.08551527621974941
 0.09291529671251873 0.10061898946637471 0.10846686675357739 0.11649834913753115
 0.12461052660330148 0.13322182116302231 0.14197940514229346 0.15062064234871955
 0.15934239809282105 0.16844437289255512 0.17787803068657765 0.18749478424909730
 0.19731521448579487 0.20719209816075843 0.21693907439867602 0.22651697267931517
 0.23631835889843583 0.24643568640557864 0.25641014051095684 0.26639883402459963
 0.27657485238066865 0.28697848031938195 0.29765890933500355 0.30851503685680104
 0.31915441951589807 0.33005368316199829 0.34108768896269820 0.35209538168804333
 0.36340720264314152 0.37510989315101512 0.38692312539834728 0.39886627049175527
 0.41076859558349788 0.42249387532166949 0.43489244251640069 0.44689031218009984
 0.45897150811845888 0.47132538639551502 0.48377676675341907 0.49639546705654564
 0.50951088496967190 0.52279183857825651 0.53617476845972722 0.54972585559822262
 0.56334429036865019 0.57695002585802779 0.59053751874686711 0.60413941289837569
 0.61757694789611317 0.63117928635872955 0.64477486933183115 0.65889947071559052
 0.67348074741467956 0.68798353511106758 0.70228618783719710 0.71627069596470938
 0.73021965353513674 0.74421564249307293 0.75825780996994152 0.77223724887173306
 0.78599671680512395 0.79941573373262731 0.81279445553123575 0.82618167404363985
 0.83947343240404126 0.85254737703474714 0.86570564614108436 0.87882784076425846
 0.89178388134221753 0.90503650625375764 0.91930632113372146 0.93402002293822861
 0.95019703751454887 0.96665414692195939 0.98318690235578154 1.00000000000000000
-0.00278057785601393 0.00962632898074615 0.02072664442890273 0.03167668132846357
 0.04236787972423815 0.05262201544514583 0.06277411146698306 0.07285956490600907
 0.08286701694602354 0.09310257439301914 0.10324755418371810 0.11382847691749604
 0.12471906248775048 0.13551950959186718 0.14602666856450625 0.15635582078737334
 0.16680739895782198 0.17761790951150666 0.18826318654035137 0.19870166196999101
 0.20887228393339763 0.21916224195070486 0.22951523892706036 0.23997797766510756
 0.25017709737609822 0.26063818609028111 0.27130362225000698 0.28214957004758828
 0.29289998762180952 0.30364534260199699 0.31500188149333719 0.32714509343485937
 0.33903155942748747 0.35064713366727668 0.36149298435678301 0.37274563425231882
 0.38316118831085499 0.39370297663898768 0.40374575371757460 0.41384233776140705
 0.42361024924143148 0.43367835520562048 0.44380405629262193 0.45419960741630927
 0.46426623328332900 0.47432789345912041 0.48481691696155454 0.49612010601203582
 0.50766111796142988 0.51928303924855956 0.53088155657053326 0.54225035294964585
 0.55319241602305091 0.56373820722829071 0.57414210432484269 0.58467819705259838
 0.59534828982554611 0.60587336720329366 0.61595058824013360 0.62600585136716458
 0.63600705386773893 0.64623035468362067 0.65692158976388304 0.66846717115620269
 0.68052910424366531 0.69212745921179930 0.70303412890004791 0.71363505681931960
 0.72381895206401881 0.73357020796905559 0.74276548421667832 0.75201513952010901
 0.76140639954447731 0.77089589811246295 0.78015161248215958 0.78959285694936521
 0.79957643545697987 0.81028085106913306 0.82104683430035097 0.83168529297295601
 0.84225511197382019 0.85288330695874282 0.86338898828172872 0.87401502252402963
 0.88459766726875255 0.89522598826456723 0.90562084876365700 0.91593549402414121
 0.92649476157169441 0.93685064608342217 0.94751699667290168 0.95790461462885845
 0.96839317869918773 0.97833852921046649 0.98916921161947147 1.00000000000000000
-0.00289216850417473 0.01718844719120854 0.03193649030596377 0.04438165728938366
 0.05588365789992953 0.06673009446485377 0.07723690510056065 0.08733557379005712
 0.09699714012510359 0.10629998546000512 0.11537870173185517 0.12439510433954798
 0.13346676597465615 0.14226478308904802 0.15061957557079420 0.15836349365593941
 0.16634274617172648 0.17399875594414208 0.18171817335124651 0.18901591136248169
 0.19647484410370328 0.20399004948657706 0.21140799292103329 0.21864569979156259
 0.22559477110290524 0.23244390896241918 0.23938023060524910 0.24646287057050204
 0.25352304249698382 0.26037733565035764 0.26709792823751050 0.27384486433232469
 0.28072968213003258 0.28777092299549628 0.29490944586721707 0.30191439989450691
 0.30872838041428213 0.31565790360869050 0.32278264446682275 0.32981582943958254
 0.33672994465695716 0.34346523051039662 0.35016176998285425 0.35724298202910471
 0.36465036757157188 0.37216680813280212 0.37981512286675062 0.38751278387561550
 0.39528636007137025 0.40334649845133214 0.41149070360244150 0.41905639703576097
 0.42594286699553979 0.43283900057635505 0.43991474934087149 0.44674133375576003
 0.45330096119313656 0.45974423111835655 0.46665066441928582 0.47382664536486085
 0.48102741690601220 0.48922275264442738 0.49697621038135020 0.50520690794556300
 0.51363037746232854 0.52230641618005680 0.53110562121739480 0.54000341158598009
 0.54890166585147671 0.55792951083670528 0.56701514898356120 0.57608193764203552
 0.58536173028430871 0.59472492397897758 0.60405284100463841 0.61360685479344501
 0.62329077583200920 0.63348831153583685 0.64407032900853856 0.65448858096490081
 0.66523723027051351 0.67614219887725213 0.68749115303919484 0.69957823596594060
 0.71254572963090590 0.72665587794249520 0.74196153543653676 0.75772082898186865
 0.77421760016880581 0.79182040256264230 0.81035864848499639 0.83062252378869594
 0.85329909412459004 0.87948284095598683 0.91433452129651671 1.00000000000000000
-0.01922119933088324 0.11456141425941602 0.15301962990614340 0.17785048717376253
 0.19779818524164983 0.21420610080810540 0.22849662871143167 0.24041202643456436
 0.25143244575771884 0.26192429784906340 0.27163979657286835 0.28059049013528764
 0.28902066523229869 0.29723929687652639 0.30505271158444314 0.31275005252979116
 0.32005676332735616 0.32724102291946422 0.33411961271408508 0.34090396343745605
 0.34747030052417849 0.35411022782919688 0.36066751087272286 0.36712935607341446
 0.37340655515348858 0.37952889150270641 0.38557519020611286 0.39161094593090162
 0.39753233174424268 0.40329501625952624 0.40894156186164526 0.41453893315195178
 0.42017779493588781 0.42585363014773342 0.43146553639037399 0.43700021516542353
 0.44246519696731412 0.44793381256590009 0.45335662705572077 0.45877561201786288
 0.46413020561533441 0.46943784053297244 0.47474493779100202 0.47997792876220807
 0.48517063646290892 0.49036708174200827 0.49566593586450225 0.50101326803848123
 0.50606355895428479 0.51110951567249019 0.51619376945757867 0.52135844357438677
 0.52660922594337989 0.53191205605362835 0.53718104924795851 0.54233671191758359
 0.54748306292315874 0.55240902658837265 0.55746462910846406 0.56253090079068202
 0.56765174049769007 0.57291415949623992 0.57824390825181937 0.58378588084878524
 0.58933837676260992 0.59483801869361608 0.60032255174086557 0.60574598624381015
 0.61115370172466199 0.61668301161955130 0.62222661561684378 0.62818180722369066
 0.63420162414861714 0.64026695430686276 0.64630650774241205 0.65252920222122246
 0.65884929242214996 0.66535082918732358 0.67200712381615246 0.67891997554514905
 0.68591955673809968 0.69342666521801533 0.70116686774253800 0.70912767379790198
 0.71799363170541841 0.72712603453301727 0.73731019488900729 0.74801175483969962
 0.75952933187262628 0.77218576750368539 0.78601782577196266 0.80170565641100433
 0.82009059096645454 0.84342726909883636 0.87807491936547721 1.00000000000000000
-0.97916666666666663-0.95833333333333337-0.93750000000000000-0.91666666666666663
-0.89583333333333337-0.87500000000000000-0.85416666666666663-0.83333333333333337
-0.81250000000000000-0.79166666666666663-0.77083333333333337-0.75000000000000000
-0.72916666666666663-0.70833333333333337-0.68750000000000000-0.66666666666666663
-0.64583333333333337-0.62500000000000000-0.60416666666666663-0.58333333333333337
-0.56250000000000000-0.54166666666666663-0.52083333333333337-0.50000000000000000
-0.47916666666666669-0.45833333333333331-0.43750000000000000-0.41666666666666669
-0.39583333333333331-0.37500000000000000-0.35416666666666669-0.33333333333333331
-0.31250000000000000-0.29166666666666669-0.27083333333333331-0.25000000000000000
-0.22916666666666666-0.20833333333333334-0.18750000000000000-0.16666666666666666
-0.14583333333333334-0.12500000000000000-0.10416666666666667-0.08333333333333333
-0.06250000000000000-0.04166666666666666-0.02083333333333333 0.00000000000000000
 0.02083333333333333 0.04166666666666666 0.06250000000000000 0.08333333333333333
 0.10416666666666667 0.12500000000000000 0.14583333333333334 0.16666666666666666
 0.18750000000000000 0.20833333333333334 0.22916666666666666 0.25000000000000000
 0.27083333333333331 0.29166666666666669 0.31250000000000000 0.33333333333333331
 0.35416666666666669 0.37500000000000000 0.39583333333333331 0.41666666666666669
 0.43750000000000000 0.45833333333333331 0.47916666666666669 0.50000000000000000
 0.52083333333333337 0.54166666666666663 0.56250000000000000 0.58333333333333337
 0.60416666666666663 0.62500000000000000 0.64583333333333337 0.66666666666666663
 0.68750000000000000 0.70833333333333337 0.72916666666666663 0.75000000000000000
 0.77083333333333337 0.79166666666666663 0.81250000000000000 0.83333333333333337
 0.85416666666666663 0.87500000000000000 0.89583333333333337 0.91666666666666663
 0.93750000000000000 0.95833333333333337 0.97916666666666663 1.00000000000000000
-0.97916666666666663-0.95833333333333337-0.93750000000000000-0.91666666666666663
-0.89583333333333337-0.87500000000000000-0.85416666666666663-0.83333333333333337
-0.81250000000000000-0.79166666666666663-0.77083333333333337-0.75000000000000000
-0.72916666666666663-0.70833333333333337-0.68750000000000000-0.66666666666666663
-0.64583333333333337-0.62500000000000000-0.60416666666666663-0.58333333333333337
-0.56250000000000000-0.54166666666666663-0.52083333333333337-0.50000000000000000
-0.47916666666666669-0.45833333333333331-0.43750000000000000-0.41666666666666669
-0.39583333333333331-0.37500000000000000-0.35416666666666669-0.33333333333333331
-0.31250000000000000-0.29166666666666669-0.27083333333333331-0.25000000000000000
-0.22916666666666666-0.20833333333333334-0.18750000000000000-0.16666666666666666
-0.14583333333333334-0.12500000000000000-0.10416666666666667-0.08333333333333333
-0.06250000000000000-0.04166666666666666-0.02083333333333333 0.00000000000000000
 0.02083333333333333 0.04166666666666666 0.06250000000000000 0.08333333333333333
 0.10416666666666667 0.12500000000000000 0.14583333333333334 0.16666666666666666
 0.18750000000000000 0.20833333333333334 0.22916666666666666 0.25000000000000000
 0.27083333333333331 0.29166666666666669 0.31250000000000000 0.33333333333333331
 0.35416666666666669 0.37500000000000000 0.39583333333333331 0.41666666666666669
 0.43750000000000000 0.45833333333333331 0.47916666666666669 0.50000000000000000
 0.52083333333333337 0.54166666666666663 0.56250000000000000 0.58333333333333337
 0.60416666666666663 0.62500000000000000 0.64583333333333337 0.66666666666666663
 0.68750000000000000 0.70833333333333337 0.72916666666666663 0.75000000000000000
 0.77083333333333337 0.79166666666666663 0.81250000000000000 0.83333333333333337
 0.85416666666666663 0.87500000000000000 0.89583333333333337 0.91666666666666663
 0.93750000000000000 0.95833333333333337 0.97916666666666663 1.00000000000000000
-0.97916666666666663-0.95833333333333337-0.93750000000000000-0.91666666666666663
-0.89583333333333337-0.87500000000000000-0.85416666666666663-0.83333333333333337
-0.81250000000000000-0.79166666666666663-0.77083333333333337-0.75000000000000000
-0.72916666666666663-0.70833333333333337-0.68750000000000000-0.66666666666666663
-0.64583333333333337-0.62500000000000000-0.60416666666666663-0.58333333333333337
-0.56250000000000000-0.54166666666666663-0.52083333333333337-0.50000000000000000
-0.47916666666666669-0.45833333333333331-0.43750000000000000-0.41666666666666669
-0.39583333333333331-0.37500000000000000-0.35416666666666669-0.33333333333333331
-0.31250000000000000-0.29166666666666669-0.27083333333333331-0.25000000000000000
-0.22916666666666666-0.20833333333333334-0.18750000000000000-0.16666666666666666
-0.14583333333333334-0.12500000000000000-0.10416666666666667-0.08333333333333333
-0.06250000000000000-0.04166666666666666-0.02083333333333333 0.00000000000000000
 0.02083333333333333 0.04166666666666666 0.06250000000000000 0.08333333333333333
 0.10416666666666667 0.12500000000000000 0.14583333333333334 0.16666666666666666
 0.18750000000000000 0.20833333333333334 0.22916666666666666 0.25000000000000000
 0.27083333333333331 0.29166666666666669 0.31250000000000000 0.33333333333333331
 0.35416666666666669 0.37500000000000000 0.39583333333333331 0.41666666666666669
 0.43750000000000000 0.45833333333333331 0.47916666666666669 0.50000000000000000
 0.52083333333333337 0.54166666666666663 0.56250000000000000 0.58333333333333337
 0.60416666666666663 0.62500000000000000 0.64583333333333337 0.66666666666666663
 0.68750000000000000 0.70833333333333337 0.72916666666666663 0.75000000000000000
 0.77083333333333337 0.79166666666666663 0.81250000000000000 0.83333333333333337
 0.85416666666666663 0.87500000000000000 0.89583333333333337 0.91666666666666663
 0.93750000000000000 0.95833333333333337 0.97916666666666663 1.00000000000000000
-0.97916666666666663-0.95833333333333337-0.93750000000000000-0.91666666666666663
-0.89583333333333337-0.87500000000000000-0.85416666666666663-0.83333333333333337
-0.81250000000000000-0.79166666666666663-0.77083333333333337-0.75000000000000000
-0.72916666666666663-0.70833333333333337-0.68750000000000000-0.66666666666666663
-0.64583333333333337-0.62500000000000000-0.60416666666666663-0.58333333333333337
-0.56250000000000000-0.54166666666666663-0.52083333333333337-0.50000000000000000
-0.47916666666666669-0.45833333333333331-0.43750000000000000-0.41666666666666669
-0.39583333333333331-0.37500000000000000-0.35416666666666669-0.33333333333333331
-0.31250000000000000-0.29166666666666669-0.27083333333333331-0.25000000000000000
-0.22916666666666666-0.20833333333333334-0.18750000000000000-0.16666666666666666
-0.14583333333333334-0.12500000000000000-0.10416666666666667-0.08333333333333333
-0.06250000000000000-0.04166666666666666-0.02083333333333333 0.00000000000000000
 0.02083333333333333 0.04166666666666666 0.06250000000000000 0.08333333333333333
 0.10416666666666667 0.12500000000000000 0.14583333333333334 0.16666666666666666
 0.18750000000000000 0.20833333333333334 0.22916666666666666 0.25000000000000000
 0.27083333333333331 0.29166666666666669 0.31250000000000000 0.33333333333333331
 0.35416666666666669 0.37500000000000000 0.39583333333333331 0.41666666666666669
 0.43750000000000000 0.45833333333333331 0.47916666666666669 0.50000000000000000
 0.52083333333333337 0.54166666666666663 0.56250000000000000 0.58333333333333337
 0.60416666666666663 0.62500000000000000 0.64583333333333337 0.66666666666666663
 0.68750000000000000 0.70833333333333337 0.72916666666666663 0.75000000000000000
 0.77083333333333337 0.79166666666666663 0.81250000000000000 0.83333333333333337
 0.85416666666666663 0.87500000000000000 0.89583333333333337 0.91666666666666663
 0.93750000000000000 0.95833333333333337 0.97916666666666663 1.00000000000000000
-0.97916666666666663-0.95833333333333337-0.93750000000000000-0.91666666666666663
-0.89583333333333337-0.87500000000000000-0.85416666666666663-0.83333333333333337
-0.81250000000000000-0.79166666666666663-0.77083333333333337-0.75000000000000000
-0.72916666666666663-0.70833333333333337-0.68750000000000000-0.66666666666666663
-0.64583333333333337-0.62500000000000000-0.60416666666666663-0.58333333333333337
-0.56250000000000000-0.54166666666666663-0.52083333333333337-0.50000000000000000
-0.47916666666666669-0.45833333333333331-0.43750000000000000-0.41666666666666669
-0.39583333333333331-0.37500000000000000-0.35416666666666669-0.33333333333333331
-0.31250000000000000-0.29166666666666669-0.27083333333333331-0.25000000000000000
-0.22916666666666666-0.20833333333333334-0.18750000000000000-0.16666666666666666
-0.14583333333333334-0.12500000000000000-0.10416666666666667-0.08333333333333333
-0.06250000000000000-0.04166666666666666-0.02083333333333333 0.00000000000000000
 0.02083333333333333 0.04166666666666666 0.06250000000000000 0.08333333333333333
 0.10416666666666667 0.12500000000000000 0.14583333333333334 0.16666666666666666
 0.18750000000000000 0.20833333333333334 0.22916666666666666 0.25000000000000000
 0.27083333333333331 0.29166666666666669 0.31250000000000000 0.33333333333333331
 0.35416666666666669 0.37500000000000000 0.39583333333333331 0.41666666666666669
 0.43750000000000000 0.45833333333333331 0.47916666666666669 0.50000000000000000
 0.52083333333333337 0.54166666666666663 0.56250000000000000 0.58333333333333337
 0.60416666666666663 0.62500000000000000 0.64583333333333337 0.66666666666666663
 0.68750000000000000 0.70833333333333337 0.72916666666666663 0.75000000000000000
 0.77083333333333337 0.79166666666666663 0.81250000000000000 0.83333333333333337
 0.85416666666666663 0.87500000000000000 0.89583333333333337 0.91666666666666663
 0.93750000000000000 0.95833333333333337 0.97916666666666663 1.00000000000000000
-0.97916666666666663-0.95833333333333337-0.93750000000000000-0.91666666666666663
-0.89583333333333337-0.87500000000000000-0.85416666666666663-0.83333333333333337
-0.81250000000000000-0.79166666666666663-0.77083333333333337-0.75000000000000000
-0.72916666666666663-0.70833333333333337-0.68750000000000000-0.66666666666666663
-0.64583333333333337-0.62500000000000000-0.60416666666666663-0.58333333333333337
-0.56250000000000000-0.54166666666666663-0.52083333333333337-0.50000000000000000
-0.47916666666666669-0.45833333333333331-0.43750000000000000-0.41666666666666669
-0.39583333333333331-0.37500000000000000-0.35416666666666669-0.33333333333333331
-0.31250000000000000-0.29166666666666669-0.27083333333333331-0.25000000000000000
-0.22916666666666666-0.20833333333333334-0.18750000000000000-0.16666666666666666
-0.14583333333333334-0.12500000000000000-0.10416666666666667-0.08333333333333333
-0.06250000000000000-0.04166666666666666-0.02083333333333333 0.00000000000000000
 0.02083333333333333 0.04166666666666666 0.06250000000000000 0.08333333333333333
 0.10416666666666667 0.12500000000000000 0.14583333333333334 0.16666666666666666
 0.18750000000000000 0.20833333333333334 0.22916666666666666 0.25000000000000000
 0.27083333333333331 0.29166666666666669 0.31250000000000000 0.33333333333333331
 0.35416666666666669 0.37500000000000000 0.39583333333333331 0.41666666666666669
 0.43750000000000000 0.45833333333333331 0.47916666666666669 0.50000000000000000
 0.52083333333333337 0.54166666666666663 0.56250000000000000 0.58333333333333337
 0.60416666666666663 0.62500000000000000 0.64583333333333337 0.66666666666666663
 0.68750000000000000 0.70833333333333337 0.72916666666666663 0.75000000000000000
 0.77083333333333337 0.79166666666666663 0.81250000000000000 0.83333333333333337
 0.85416666666666663 0.87500000000000000 0.89583333333333337 0.91666666666666663
 0.93750000000000000 0.95833333333333337 0.97916666666666663 1.00000000000000000
-0.97916666666666663-0.95833333333333337-0.93750000000000000-0.91666666666666663
-0.89583333333333337-0.87500000000000000-0.85416666666666663-0.83333333333333337
-0.81250000000000000-0.79166666666666663-0.77083333333333337-0.75000000000000000
-0.72916666666666663-0.70833333333333337-0.68750000000000000-0.66666666666666663
-0.64583333333333337-0.62500000000000000-0.60416666666666663-0.58333333333333337
-0.56250000000000000-0.54166666666666663-0.52083333333333337-0.50000000000000000
-0.47916666666666669-0.45833333333333331-0.43750000000000000-0.41666666666666669
-0.39583333333333331-0.37500000000000000-0.35416666666666669-0.33333333333333331
-0.31250000000000000-0.29166666666666669-0.27083333333333331-0.25000000000000000
-0.22916666666666666-0.20833333333333334-0.18750000000000000-0.16666666666666666
-0.14583333333333334-0.12500000000000000-0.10416666666666667-0.08333333333333333
-0.06250000000000000-0.04166666666666666-0.02083333333333333 0.00000000000000000
 0.02083333333333333 0.04166666666666666 0.06250000000000000 0.08333333333333333
 0.10416666666666667 0.12500000000000000 0.14583333333333334 0.16666666666666666
 0.18750000000000000 0.20833333333333334 0.22916666666666666 0.25000000000000000
 0.27083333333333331 0.29166666666666669 0.31250000000000000 0.33333333333333331
 0.35416666666666669 0.37500000000000000 0.39583333333333331 0.41666666666666669
 0.43750000000000000 0.45833333333333331 0.47916666666666669 0.50000000000000000
 0.52083333333333337 0.54166666666666663 0.56250000000000000 0.58333333333333337
 0.60416666666666663 0.62500000000000000 0.64583333333333337 0.66666666666666663
 0.68750000000000000 0.70833333333333337 0.72916666666666663 0.75000000000000000
 0.77083333333333337 0.79166666666666663 0.81250000000000000 0.83333333333333337
 0.85416666666666663 0.87500000000000000 0.89583333333333337 0.91666666666666663
 0.93750000000000000 0.95833333333333337 0.97916666666666663 1.00000000000000000
-0.97916666666666663-0.95833333333333337-0.93750000000000000-0.91666666666666663
-0.89583333333333337-0.87500000000000000-0.85416666666666663-0.83333333333333337
-0.81250000000000000-0.79166666666666663-0.77083333333333337-0.75000000000000000
-0.72916666666666663-0.70833333333333337-0.68750000000000000-0.66666666666666663
-0.64583333333333337-0.62500000000000000-0.60416666666666663-0.58333333333333337
-0.56250000000000000-0.54166666666666663-0.52083333333333337-0.50000000000000000
-0.47916666666666669-0.45833333333333331-0.43750000000000000-0.41666666666666669
-0.39583333333333331-0.37500000000000000-0.35416666666666669-0.33333333333333331
-0.31250000000000000-0.29166666666666669-0.27083333333333331-0.25000000000000000
-0.22916666666666666-0.20833333333333334-0.18750000000000000-0.16666666666666666
-0.14583333333333334-0.12500000000000000-0.10416666666666667-0.08333333333333333
-0.06250000000000000-0.04166666666666666-0.02083333333333333 0.00000000000000000
 0.02083333333333333 0.04166666666666666 0.06250000000000000 0.08333333333333333
 0.10416666666666667 0.12500000000000000 0.14583333333333334 0.16666666666666666
 0.18750000000000000 0.20833333333333334 0.22916666666666666 0.25000000000000000
 0.27083333333333331 0.29166666666666669 0.31250000000000000 0.33333333333333331
 0.35416666666666669 0.37500000000000000 0.39583333333333331 0.41666666666666669
 0.43750000000000000 0.45833333333333331 0.47916666666666669 0.50000000000000000
 0.52083333333333337 0.54166666666666663 0.56250000000000000 0.58333333333333337
 0.60416666666666663 0.62500000000000000 0.64583333333333337 0.66666666666666663
 0.68750000000000000 0.70833333333333337 0.72916666666666663 0.75000000000000000
 0.77083333333333337 0.79166666666666663 0.81250000000000000 0.83333333333333337
 0.85416666666666663 0.87500000000000000 0.89583333333333337 0.91666666666666663
 0.93750000000000000 0.95833333333333337 0.97916666666666663 1.00000000000000000
-0.97916666666666663-0.95833333333333337-0.93750000000000000-0.91666666666666663
-0.89583333333333337-0.87500000000000000-0.85416666666666663-0.83333333333333337
-0.81250000000000000-0.79166666666666663-0.77083333333333337-0.75000000000000000
-0.72916666666666663-0.70833333333333337-0.68750000000000000-0.66666666666666663
-0.64583333333333337-0.62500000000000000-0.60416666666666663-0.58333333333333337
-0.56250000000000000-0.54166666666666663-0.52083333333333337-0.50000000000000000
-0.47916666666666669-0.45833333333333331-0.43750000000000000-0.41666666666666669
-0.39583333333333331-0.37500000000000000-0.35416666666666669-0.33333333333333331
-0.31250000000000000-0.29166666666666669-0.27083333333333331-0.25000000000000000
-0.22916666666666666-0.20833333333333334-0.18750000000000000-0.16666666666666666
-0.14583333333333334-0.12500000000000000-0.10416666666666667-0.08333333333333333
-0.06250000000000000-0.04166666666666666-0.02083333333333333 0.00000000000000000
 0.02083333333333333 0.04166666666666666 0.06250000000000000 0.08333333333333333
 0.10416666666666667 0.12500000000000000 0.14583333333333334 0.16666666666666666
 0.18750000000000000 0.20833333333333334 0.22916666666666666 0.25000000000000000
 0.27083333333333331 0.29166666666666669 0.31250000000000000 0.33333333333333331
 0.35416666666666669 0.37500000000000000 0.39583333333333331 0.41666666666666669
 0.43750000000000000 0.45833333333333331 0.47916666666666669 0.50000000000000000
 0.52083333333333337 0.54166666666666663 0.56250000000000000 0.58333333333333337
 0.60416666666666663 0.62500000000000000 0.64583333333333337 0.66666666666666663
 0.68750000000000000 0.70833333333333337 0.72916666666666663 0.75000000000000000
 0.77083333333333337 0.79166666666666663 0.81250000000000000 0.83333333333333337
 0.85416666666666663 0.87500000000000000 0.89583333333333337 0.91666666666666663
 0.93750000000000000 0.95833333333333337 0.97916666666666663 1.00000000000000000
-0.97916666666666663-0.95833333333333337-0.93750000000000000-0.91666666666666663
-0.89583333333333337-0.87500000000000000-0.85416666666666663-0.83333333333333337
-0.81250000000000000-0.79166666666666663-0.77083333333333337-0.75000000000000000
-0.72916666666666663-0.70833333333333337-0.68750000000000000-0.66666666666666663
-0.64583333333333337-0.62500000000000000-0.60416666666666663-0.58333333333333337
-0.56250000000000000-0.54166666666666663-0.52083333333333337-0.50000000000000000
-0.47916666666666669-0.45833333333333331-0.43750000000000000-0.41666666666666669
-0.39583333333333331-0.37500000000000000-0.35416666666666669-0.33333333333333331
-0.31250000000000000-0.29166666666666669-0.27083333333333331-0.25000000000000000
-0.22916666666666666-0.20833333333333334-0.18750000000000000-0.16666666666666666
-0.14583333333333334-0.12500000000000000-0.10416666666666667-0.08333333333333333
-0.06250000000000000-0.04166666666666666-0.02083333333333333 0.00000000000000000
 0.02083333333333333 0.04166666666666666 0.06250000000000000 0.08333333333333333
 0.10416666666666667 0.12500000000000000 0.14583333333333334 0.16666666666666666
 0.18750000000000000 0.20833333333333334 0.22916666666666666 0.25000000000000000
 0.27083333333333331 0.29166666666666669 0.31250000000000000 0.33333333333333331
 0.35416666666666669 0.37500000000000000 0.39583333333333331 0.41666666666666669
 0.43750000000000000 0.45833333333333331 0.47916666666666669 0.50000000000000000
 0.52083333333333337 0.54166666666666663 0.56250000000000000 0.58333333333333337
 0.60416666666666663 0.62500000000000000 0.64583333333333337 0.66666666666666663
 0.68750000000000000 0.70833333333333337 0.72916666666666663 0.75000000000000000
 0.77083333333333337 0.79166666666666663 0.81250000000000000 0.83333333333333337
 0.85416666666666663 0.87500000000000000 0.89583333333333337 0.91666666666666663
 0.93750000000000000 0.95833333333333337 0.97916666666666663 1.00000000000000000
-0.97916666666666663-0.95833333333333337-0.93750000000000000-0.91666666666666663
-0.89583333333333337-0.87500000000000000-0.85416666666666663-0.83333333333333337
-0.81250000000000000-0.79166666666666663-0.77083333333333337-0.75000000000000000
-0.72916666666666663-0.70833333333333337-0.68750000000000000-0.66666666666666663
-0.64583333333333337-0.62500000000000000-0.60416666666666663-0.58333333333333337
-0.56250000000000000-0.54166666666666663-0.52083333333333337-0.50000000000000000
-0.47916666666666669-0.45833333333333331-0.43750000000000000-0.41666666666666669
-0.39583333333333331-0.37500000000000000-0.35416666666666669-0.33333333333333331
-0.31250000000000000-0.29166666666666669-0.27083333333333331-0.25000000000000000
-0.22916666666666666-0.20833333333333334-0.18750000000000000-0.16666666666666666
-0.14583333333333334-0.12500000000000000-0.10416666666666667-0.08333333333333333
-0.06250000000000000-0.04166666666666666-0.02083333333333333 0.00000000000000000
 0.02083333333333333 0.04166666666666666 0.06250000000000000 0.08333333333333333
 0.10416666666666667 0.12500000000000000 0.14583333333333334 0.16666666666666666
 0.18750000000000000 0.20833333333333334 0.22916666666666666 0.25000000000000000
 0.27083333333333331 0.29166666666666669 0.31250000000000000 0.33333333333333331
 0.35416666666666669 0.37500000000000000 0.39583333333333331 0.41666666666666669
 0.43750000000000000 0.45833333333333331 0.47916666666666669 0.50000000000000000
 0.52083333333333337 0.54166666666666663 0.56250000000000000 0.58333333333333337
 0.60416666666666663 0.62500000000000000 0.64583333333333337 0.66666666666666663
 0.68750000000000000 0.70833333333333337 0.72916666666666663 0.75000000000000000
 0.77083333333333337 0.79166666666666663 0.81250000000000000 0.83333333333333337
 0.85416666666666663 0.87500000000000000 0.89583333333333337 0.91666666666666663
 0.93750000000000000 0.95833333333333337 0.97916666666666663 1.00000000000000000
-0.97916666666666663-0.95833333333333337-0.93750000000000000-0.91666666666666663
-0.89583333333333337-0.87500000000000000-0.85416666666666663-0.83333333333333337
-0.81250000000000000-0.79166666666666663-0.77083333333333337-0.75000000000000000
-0.72916666666666663-0.70833333333333337-0.68750000000000000-0.66666666666666663
-0.64583333333333337-0.62500000000000000-0.60416666666666663-0.58333333333333337
-0.56250000000000000-0.54166666666666663-0.52083333333333337-0.50000000000000000
-0.47916666666666669-0.45833333333333331-0.43750000000000000-0.41666666666666669
-0.39583333333333331-0.37500000000000000-0.35416666666666669-0.33333333333333331
-0.31250000000000000-0.29166666666666669-0.27083333333333331-0.25000000000000000
-0.22916666666666666-0.20833333333333334-0.18750000000000000-0.16666666666666666
-0.14583333333333334-0.12500000000000000-0.10416666666666667-0.08333333333333333
-0.06250000000000000-0.04166666666666666-0.02083333333333333 0.00000000000000000
 0.02083333333333333 0.04166666666666666 0.06250000000000000 0.08333333333333333
 0.10416666666666667 0.12500000000000000 0.14583333333333334 0.16666666666666666
 0.18750000000000000 0.20833333333333334 0.22916666666666666 0.25000000000000000
 0.27083333333333331 0.29166666666666669 0.31250000000000000 0.33333333333333331
 0.35416666666666669 0.37500000000000000 0.39583333333333331 0.41666666666666669
 0.43750000000000000 0.45833333333333331 0.47916666666666669 0.50000000000000000
 0.52083333333333337 0.54166666666666663 0.56250000000000000 0.58333333333333337
 0.60416666666666663 0.62500000000000000 0.64583333333333337 0.66666666666666663
 0.68750000000000000 0.70833333333333337 0.72916666666666663 0.75000000000000000
 0.77083333333333337 0.79166666666666663 0.81250000000000000 0.83333333333333337
 0.85416666666666663 0.87500000000000000 0.89583333333333337 0.91666666666666663
 0.93750000000000000 0.95833333333333337 0.97916666666666663 1.00000000000000000
 1.00000000000000000 0.00000000000000000 0.00000000000000000 0.00000000000000000
 0.00000000000000000 0.00000000000000000 0.00000000000000000 0.00000000000000000
 0.00000000000000000 0.00000000000000000
