 0.00836979736403439 0.01400123308074491 0.02265676806804158 0.03244326226964395
 0.04211855494409795 0.05187616288332270 0.06167278063995133 0.07150019194629410
 0.08134958343760530 0.09125398003045480 0.10120813949283368 0.11120239867657762
 0.12123845438246669 0.13131016401277240 0.14143730324083673 0.15154846171572761
 0.16167000223964248 0.17184057346003609 0.18209675995077740 0.19241449210626660
 0.20273839836174862 0.21308720650009724 0.22348031030209201 0.23393654781255607
 0.24441781960299622 0.25491809401022836 0.26541994075627884 0.27596681071851281
 0.28653259479201959 0.29704192882650976 0.30749220954192513 0.31792256817491654
 0.32838820866046708 0.33902455690472727 0.34971427025040180 0.36050453789623765
 0.37123329059530796 0.38206707707919246 0.39296491585236365 0.40387639960906174
 0.41474639473628894 0.42559623536370633 0.43651791528899553 0.44749545961004655
 0.45845177945581816 0.46938481438314866 0.48039029226470076 0.49151219983539679
 0.50276928472418314 0.51401413754674130 0.52516289659011572 0.53619939959113960
 0.54718437710586743 0.55812391322561317 0.56902530872750723 0.57990300430479014
 0.59077344164936019 0.60167053118949376 0.61262180595633875 0.62358492084914408
 0.63449691470200453 0.64537341269511250 0.65622110079394236 0.66699764293044872
 0.67767306563424112 0.68826340190637236 0.69881130920783385 0.70931640513014882
 0.71976908492527958 0.73020420768830618 0.74062300974266482 0.75102517549537351
 0.76137546910316156 0.77167880113020948 0.78196888170701362 0.79222772828361188
 0.80245635723513953 0.81266962892101646 0.82290116681512693 0.83317024350060631
 0.84341680806717978 0.85362659619655090 0.86375178717488943 0.87381827145598046
 0.88383403526976223 0.89381991100014269 0.90378756803128601 0.91373138828180267
 0.92365062607320669 0.93350905405566176 0.94332357123727428 0.95306369231415411
 0.96277606208318467 0.97243189363513827 0.98202723797067881 1.00000000000000000
-0.00252685390586229 0.00964731272441086 0.01989901112682880 0.03038541963890893
 0.04087649173700691 0.05138000577842040 0.06194743780177470 0.07249402357014283
 0.08304532706276994 0.09352299353908873 0.10403876401091852 0.11444650671217524
 0.12487796549828850 0.13529259077039466 0.14572770993928275 0.15631200992978475
 0.16694146348264907 0.17756721749583440 0.18813069726805201 0.19859048620437841
 0.20910965361590922 0.21959751877441747 0.23012521902284139 0.24067259454036136
 0.25117177076782993 0.26169348263728226 0.27215294493291625 0.28269937019813701
 0.29325198315716067 0.30384571738173644 0.31440715612083869 0.32498543442714012
 0.33569532865661317 0.34632641529362473 0.35697855779869814 0.36750863313338011
 0.37805156770925846 0.38855928731219719 0.39904604786531905 0.40952907494013213
 0.41992828237552704 0.43032161802841795 0.44069158495566202 0.45108569830942424
 0.46150941095318060 0.47203027248516510 0.48254311040799552 0.49310433015223065
 0.50365122929780837 0.51430583888645909 0.52489456497080966 0.53543761977040616
 0.54591070243624085 0.55641131507278108 0.56695240234948518 0.57760069484759202
 0.58823208356358325 0.59894617435211961 0.60958807300600171 0.62016873265278871
 0.63067068959895978 0.64118324404582017 0.65172023845548932 0.66230507055212107
 0.67293397252289866 0.68362855131656897 0.69422076976996028 0.70478060803290754
 0.71532828676931193 0.72586281381123674 0.73645733583399919 0.74702956859717951
 0.75769338301216660 0.76839856962151409 0.77903299474884946 0.78967462475805139
 0.80021022756826676 0.81078246986028113 0.82129440968963308 0.83181347495237712
 0.84235465326837067 0.85283338290836896 0.86340461306045846 0.87393710610936171
 0.88451355979349588 0.89503462832668956 0.90552850298651610 0.91598045721976173
 0.92640149382256143 0.93686473804887038 0.94736841072526989 0.95787641503881205
 0.96841333848755606 0.97902577772295285 0.98956436923074942 1.00000000000000000
-0.00232955730028443 0.00986358174969396 0.02017667227817701 0.03076080070350989
 0.04133542196811640 0.05184936334350889 0.06236755865236237 0.07287604803394367
 0.08340129822785423 0.09396642133643117 0.10454927973743590 0.11512293374692220
 0.12567725860585366 0.13619530958348000 0.14669128939447415 0.15718559457877559
 0.16765710851670890 0.17822745727864353 0.18880857285104588 0.19945413865514594
 0.21001091708398179 0.22058620737359416 0.23109963863777480 0.24158256710336412
 0.25208699470733109 0.26265991933752253 0.27325347720182508 0.28379913185278244
 0.29433435357809579 0.30494590013363143 0.31553335511054698 0.32613056057935985
 0.33668218117003135 0.34725126069248347 0.35780374317690206 0.36841156590566621
 0.37901790650921180 0.38966017760460470 0.40029871080457369 0.41091680916409790
 0.42151480405595593 0.43202744029988643 0.44253514539086347 0.45297956461803479
 0.46339864208909914 0.47383718046688283 0.48429352115137220 0.49479005814994864
 0.50531637473750057 0.51585961584621365 0.52637386230588545 0.53682196643524571
 0.54729100613017745 0.55782771174958723 0.56841045192168782 0.57897205403104002
 0.58950347353854238 0.60003239865835678 0.61056648602334229 0.62107655631304703
 0.63156695028204635 0.64196889849416738 0.65244122676031069 0.66290204086752436
 0.67341978190492002 0.68389018113313660 0.69442750179754908 0.70502534723084942
 0.71555709243891785 0.72612059875323198 0.73664555845866986 0.74721472447800763
 0.75774000565376376 0.76830662166122587 0.77887141241572411 0.78943470012824213
 0.79988340261315682 0.81032274002588478 0.82078401095614240 0.83132802083149282
 0.84195889054197415 0.85259989095682942 0.86323017028947036 0.87380959059242935
 0.88441004992005456 0.89504392692917734 0.90551543351474284 0.91594614002097019
 0.92642695867101887 0.93690677517655552 0.94737718408430993 0.95779254949860171
 0.96838416967895746 0.97896072551357993 0.98952317705419912 1.00000000000000000
 0.19494266846224972 0.21331348282208604 0.22504629459041214 0.23583247137006497
 0.24589731836274220 0.25533762333023102 0.26422220907450777 0.27275337155517043
 0.28087644195975020 0.28871475422537457 0.29625249060553766 0.30353558255123980
 0.31062852827598264 0.31750217848112422 0.32420388303692921 0.33077265398638245
 0.33716812642580118 0.34340970234696172 0.34955124842049506 0.35558913935051295
 0.36150470062250439 0.36733896071602956 0.37311668934656922 0.37879358775940236
 0.38438437848934126 0.38994190916373328 0.39544415865293081 0.40086982752502698
 0.40623044991734114 0.41156486818231713 0.41686443107486848 0.42208754861751835
 0.42728561307167889 0.43246516419708869 0.43760615659099511 0.44270306278173682
 0.44776916039586739 0.45282494571853671 0.45786714328287126 0.46288403689104052
 0.46788339501473675 0.47287276535378198 0.47785438134830199 0.48282846515620825
 0.48778970866206828 0.49274123040350787 0.49769171146942959 0.50264144226616514
 0.50760194454418905 0.51256390841323496 0.51752283291857026 0.52248139234563207
 0.52744707957262316 0.53242931900464807 0.53743129286474789 0.54244681500123348
 0.54749616820527847 0.55255523338663359 0.55762312933690872 0.56271412756609485
 0.56783933041867407 0.57299523163723531 0.57817393340843015 0.58339559157815124
 0.58867982813765973 0.59400705321259406 0.59936734438191430 0.60478595828820425
 0.61027957548068867 0.61583757347244528 0.62142959081563875 0.62709023465837110
 0.63288810795359807 0.63872988134281516 0.64462962990642236 0.65070369301511022
 0.65687652278347342 0.66311719649059275 0.66953137133709983 0.67614302471812204
 0.68283371029564421 0.68971683010721208 0.69686660667149025 0.70414695253565074
 0.71171893837541178 0.71965067276238881 0.72776385049787684 0.73636072953810383
 0.74533078338005121 0.75484247433511098 0.76503887323978592 0.77592554709438977
 0.78762757750911927 0.79856819774219945 0.80459759594228364 1.00000000000000000
-0.97916666666666663-0.95833333333333337-0.93750000000000000-0.91666666666666663
-0.89583333333333337-0.87500000000000000-0.85416666666666663-0.83333333333333337
-0.81250000000000000-0.79166666666666663-0.77083333333333337-0.75000000000000000
-0.72916666666666674-0.70833333333333326-0.68750000000000000-0.66666666666666674
-0.64583333333333326-0.62500000000000000-0.60416666666666674-0.58333333333333326
-0.56250000000000000-0.54166666666666674-0.52083333333333326-0.50000000000000000
-0.47916666666666663-0.45833333333333337-0.43750000000000000-0.41666666666666663
-0.39583333333333337-0.37500000000000000-0.35416666666666663-0.33333333333333337
-0.31250000000000000-0.29166666666666663-0.27083333333333337-0.25000000000000000
-0.22916666666666663-0.20833333333333337-0.18750000000000000-0.16666666666666663
-0.14583333333333337-0.12500000000000000-0.10416666666666663-0.08333333333333337
-0.06250000000000000-0.04166666666666663-0.02083333333333337 0.00000000000000000
 0.02083333333333326 0.04166666666666674 0.06250000000000000 0.08333333333333326
 0.10416666666666674 0.12500000000000000 0.14583333333333326 0.16666666666666674
 0.18750000000000000 0.20833333333333326 0.22916666666666674 0.25000000000000000
 0.27083333333333326 0.29166666666666674 0.31250000000000000 0.33333333333333326
 0.35416666666666674 0.37500000000000000 0.39583333333333326 0.41666666666666674
 0.43750000000000000 0.45833333333333326 0.47916666666666674 0.50000000000000000
 0.52083333333333326 0.54166666666666674 0.56250000000000000 0.58333333333333326
 0.60416666666666674 0.62500000000000000 0.64583333333333326 0.66666666666666674
 0.68750000000000000 0.70833333333333326 0.72916666666666674 0.75000000000000000
 0.77083333333333326 0.79166666666666674 0.81250000000000000 0.83333333333333326
 0.85416666666666674 0.87500000000000000 0.89583333333333326 0.91666666666666674
 0.93750000000000000 0.95833333333333326 0.97916666666666674 1.00000000000000000
-0.97916666666666663-0.95833333333333337-0.93750000000000000-0.91666666666666663
-0.89583333333333337-0.87500000000000000-0.85416666666666663-0.83333333333333337
-0.81250000000000000-0.79166666666666663-0.77083333333333337-0.75000000000000000
-0.72916666666666674-0.70833333333333326-0.68750000000000000-0.66666666666666674
-0.64583333333333326-0.62500000000000000-0.60416666666666674-0.58333333333333326
-0.56250000000000000-0.54166666666666674-0.52083333333333326-0.50000000000000000
-0.47916666666666663-0.45833333333333337-0.43750000000000000-0.41666666666666663
-0.39583333333333337-0.37500000000000000-0.35416666666666663-0.33333333333333337
-0.31250000000000000-0.29166666666666663-0.27083333333333337-0.25000000000000000
-0.22916666666666663-0.20833333333333337-0.18750000000000000-0.16666666666666663
-0.14583333333333337-0.12500000000000000-0.10416666666666663-0.08333333333333337
-0.06250000000000000-0.04166666666666663-0.02083333333333337 0.00000000000000000
 0.02083333333333326 0.04166666666666674 0.06250000000000000 0.08333333333333326
 0.10416666666666674 0.12500000000000000 0.14583333333333326 0.16666666666666674
 0.18750000000000000 0.20833333333333326 0.22916666666666674 0.25000000000000000
 0.27083333333333326 0.29166666666666674 0.31250000000000000 0.33333333333333326
 0.35416666666666674 0.37500000000000000 0.39583333333333326 0.41666666666666674
 0.43750000000000000 0.45833333333333326 0.47916666666666674 0.50000000000000000
 0.52083333333333326 0.54166666666666674 0.56250000000000000 0.58333333333333326
 0.60416666666666674 0.62500000000000000 0.64583333333333326 0.66666666666666674
 0.68750000000000000 0.70833333333333326 0.72916666666666674 0.75000000000000000
 0.77083333333333326 0.79166666666666674 0.81250000000000000 0.83333333333333326
 0.85416666666666674 0.87500000000000000 0.89583333333333326 0.91666666666666674
 0.93750000000000000 0.95833333333333326 0.97916666666666674 1.00000000000000000
-0.97916666666666663-0.95833333333333337-0.93750000000000000-0.91666666666666663
-0.89583333333333337-0.87500000000000000-0.85416666666666663-0.83333333333333337
-0.81250000000000000-0.79166666666666663-0.77083333333333337-0.75000000000000000
-0.72916666666666674-0.70833333333333326-0.68750000000000000-0.66666666666666674
-0.64583333333333326-0.62500000000000000-0.60416666666666674-0.58333333333333326
-0.56250000000000000-0.54166666666666674-0.52083333333333326-0.50000000000000000
-0.47916666666666663-0.45833333333333337-0.43750000000000000-0.41666666666666663
-0.39583333333333337-0.37500000000000000-0.35416666666666663-0.33333333333333337
-0.31250000000000000-0.29166666666666663-0.27083333333333337-0.25000000000000000
-0.22916666666666663-0.20833333333333337-0.18750000000000000-0.16666666666666663
-0.14583333333333337-0.12500000000000000-0.10416666666666663-0.08333333333333337
-0.06250000000000000-0.04166666666666663-0.02083333333333337 0.00000000000000000
 0.02083333333333326 0.04166666666666674 0.06250000000000000 0.08333333333333326
 0.10416666666666674 0.12500000000000000 0.14583333333333326 0.16666666666666674
 0.18750000000000000 0.20833333333333326 0.22916666666666674 0.25000000000000000
 0.27083333333333326 0.29166666666666674 0.31250000000000000 0.33333333333333326
 0.35416666666666674 0.37500000000000000 0.39583333333333326 0.41666666666666674
 0.43750000000000000 0.45833333333333326 0.47916666666666674 0.50000000000000000
 0.52083333333333326 0.54166666666666674 0.56250000000000000 0.58333333333333326
 0.60416666666666674 0.62500000000000000 0.64583333333333326 0.66666666666666674
 0.68750000000000000 0.70833333333333326 0.72916666666666674 0.75000000000000000
 0.77083333333333326 0.79166666666666674 0.81250000000000000 0.83333333333333326
 0.85416666666666674 0.87500000000000000 0.89583333333333326 0.91666666666666674
 0.93750000000000000 0.95833333333333326 0.97916666666666674 1.00000000000000000
-0.97916666666666663-0.95833333333333337-0.93750000000000000-0.91666666666666663
-0.89583333333333337-0.87500000000000000-0.85416666666666663-0.83333333333333337
-0.81250000000000000-0.79166666666666663-0.77083333333333337-0.75000000000000000
-0.72916666666666674-0.70833333333333326-0.68750000000000000-0.66666666666666674
-0.64583333333333326-0.62500000000000000-0.60416666666666674-0.58333333333333326
-0.56250000000000000-0.54166666666666674-0.52083333333333326-0.50000000000000000
-0.47916666666666663-0.45833333333333337-0.43750000000000000-0.41666666666666663
-0.39583333333333337-0.37500000000000000-0.35416666666666663-0.33333333333333337
-0.31250000000000000-0.29166666666666663-0.27083333333333337-0.25000000000000000
-0.22916666666666663-0.20833333333333337-0.18750000000000000-0.16666666666666663
-0.14583333333333337-0.12500000000000000-0.10416666666666663-0.08333333333333337
-0.06250000000000000-0.04166666666666663-0.02083333333333337 0.00000000000000000
 0.02083333333333326 0.04166666666666674 0.06250000000000000 0.08333333333333326
 0.10416666666666674 0.12500000000000000 0.14583333333333326 0.16666666666666674
 0.18750000000000000 0.20833333333333326 0.22916666666666674 0.25000000000000000
 0.27083333333333326 0.29166666666666674 0.31250000000000000 0.33333333333333326
 0.35416666666666674 0.37500000000000000 0.39583333333333326 0.41666666666666674
 0.43750000000000000 0.45833333333333326 0.47916666666666674 0.50000000000000000
 0.52083333333333326 0.54166666666666674 0.56250000000000000 0.58333333333333326
 0.60416666666666674 0.62500000000000000 0.64583333333333326 0.66666666666666674
 0.68750000000000000 0.70833333333333326 0.72916666666666674 0.75000000000000000
 0.77083333333333326 0.79166666666666674 0.81250000000000000 0.83333333333333326
 0.85416666666666674 0.87500000000000000 0.89583333333333326 0.91666666666666674
 0.93750000000000000 0.95833333333333326 0.97916666666666674 1.00000000000000000
-0.97916666666666663-0.95833333333333337-0.93750000000000000-0.91666666666666663
-0.89583333333333337-0.87500000000000000-0.85416666666666663-0.83333333333333337
-0.81250000000000000-0.79166666666666663-0.77083333333333337-0.75000000000000000
-0.72916666666666674-0.70833333333333326-0.68750000000000000-0.66666666666666674
-0.64583333333333326-0.62500000000000000-0.60416666666666674-0.58333333333333326
-0.56250000000000000-0.54166666666666674-0.52083333333333326-0.50000000000000000
-0.47916666666666663-0.45833333333333337-0.43750000000000000-0.41666666666666663
-0.39583333333333337-0.37500000000000000-0.35416666666666663-0.33333333333333337
-0.31250000000000000-0.29166666666666663-0.27083333333333337-0.25000000000000000
-0.22916666666666663-0.20833333333333337-0.18750000000000000-0.16666666666666663
-0.14583333333333337-0.12500000000000000-0.10416666666666663-0.08333333333333337
-0.06250000000000000-0.04166666666666663-0.02083333333333337 0.00000000000000000
 0.02083333333333326 0.04166666666666674 0.06250000000000000 0.08333333333333326
 0.10416666666666674 0.12500000000000000 0.14583333333333326 0.16666666666666674
 0.18750000000000000 0.20833333333333326 0.22916666666666674 0.25000000000000000
 0.27083333333333326 0.29166666666666674 0.31250000000000000 0.33333333333333326
 0.35416666666666674 0.37500000000000000 0.39583333333333326 0.41666666666666674
 0.43750000000000000 0.45833333333333326 0.47916666666666674 0.50000000000000000
 0.52083333333333326 0.54166666666666674 0.56250000000000000 0.58333333333333326
 0.60416666666666674 0.62500000000000000 0.64583333333333326 0.66666666666666674
 0.68750000000000000 0.70833333333333326 0.72916666666666674 0.75000000000000000
 0.77083333333333326 0.79166666666666674 0.81250000000000000 0.83333333333333326
 0.85416666666666674 0.87500000000000000 0.89583333333333326 0.91666666666666674
 0.93750000000000000 0.95833333333333326 0.97916666666666674 1.00000000000000000
-0.97916666666666663-0.95833333333333337-0.93750000000000000-0.91666666666666663
-0.89583333333333337-0.87500000000000000-0.85416666666666663-0.83333333333333337
-0.81250000000000000-0.79166666666666663-0.77083333333333337-0.75000000000000000
-0.72916666666666674-0.70833333333333326-0.68750000000000000-0.66666666666666674
-0.64583333333333326-0.62500000000000000-0.60416666666666674-0.58333333333333326
-0.56250000000000000-0.54166666666666674-0.52083333333333326-0.50000000000000000
-0.47916666666666663-0.45833333333333337-0.43750000000000000-0.41666666666666663
-0.39583333333333337-0.37500000000000000-0.35416666666666663-0.33333333333333337
-0.31250000000000000-0.29166666666666663-0.27083333333333337-0.25000000000000000
-0.22916666666666663-0.20833333333333337-0.18750000000000000-0.16666666666666663
-0.14583333333333337-0.12500000000000000-0.10416666666666663-0.08333333333333337
-0.06250000000000000-0.04166666666666663-0.02083333333333337 0.00000000000000000
 0.02083333333333326 0.04166666666666674 0.06250000000000000 0.08333333333333326
 0.10416666666666674 0.12500000000000000 0.14583333333333326 0.16666666666666674
 0.18750000000000000 0.20833333333333326 0.22916666666666674 0.25000000000000000
 0.27083333333333326 0.29166666666666674 0.31250000000000000 0.33333333333333326
 0.35416666666666674 0.37500000000000000 0.39583333333333326 0.41666666666666674
 0.43750000000000000 0.45833333333333326 0.47916666666666674 0.50000000000000000
 0.52083333333333326 0.54166666666666674 0.56250000000000000 0.58333333333333326
 0.60416666666666674 0.62500000000000000 0.64583333333333326 0.66666666666666674
 0.68750000000000000 0.70833333333333326 0.72916666666666674 0.75000000000000000
 0.77083333333333326 0.79166666666666674 0.81250000000000000 0.83333333333333326
 0.85416666666666674 0.87500000000000000 0.89583333333333326 0.91666666666666674
 0.93750000000000000 0.95833333333333326 0.97916666666666674 1.00000000000000000
-0.97916666666666663-0.95833333333333337-0.93750000000000000-0.91666666666666663
-0.89583333333333337-0.87500000000000000-0.85416666666666663-0.83333333333333337
-0.81250000000000000-0.79166666666666663-0.77083333333333337-0.75000000000000000
-0.72916666666666674-0.70833333333333326-0.68750000000000000-0.66666666666666674
-0.64583333333333326-0.62500000000000000-0.60416666666666674-0.58333333333333326
-0.56250000000000000-0.54166666666666674-0.52083333333333326-0.50000000000000000
-0.47916666666666663-0.45833333333333337-0.43750000000000000-0.41666666666666663
-0.39583333333333337-0.37500000000000000-0.35416666666666663-0.33333333333333337
-0.31250000000000000-0.29166666666666663-0.27083333333333337-0.25000000000000000
-0.22916666666666663-0.20833333333333337-0.18750000000000000-0.16666666666666663
-0.14583333333333337-0.12500000000000000-0.10416666666666663-0.08333333333333337
-0.06250000000000000-0.04166666666666663-0.02083333333333337 0.00000000000000000
 0.02083333333333326 0.04166666666666674 0.06250000000000000 0.08333333333333326
 0.10416666666666674 0.12500000000000000 0.14583333333333326 0.16666666666666674
 0.18750000000000000 0.20833333333333326 0.22916666666666674 0.25000000000000000
 0.27083333333333326 0.29166666666666674 0.31250000000000000 0.33333333333333326
 0.35416666666666674 0.37500000000000000 0.39583333333333326 0.41666666666666674
 0.43750000000000000 0.45833333333333326 0.47916666666666674 0.50000000000000000
 0.52083333333333326 0.54166666666666674 0.56250000000000000 0.58333333333333326
 0.60416666666666674 0.62500000000000000 0.64583333333333326 0.66666666666666674
 0.68750000000000000 0.70833333333333326 0.72916666666666674 0.75000000000000000
 0.77083333333333326 0.79166666666666674 0.81250000000000000 0.83333333333333326
 0.85416666666666674 0.87500000000000000 0.89583333333333326 0.91666666666666674
 0.93750000000000000 0.95833333333333326 0.97916666666666674 1.00000000000000000
-0.97916666666666663-0.95833333333333337-0.93750000000000000-0.91666666666666663
-0.89583333333333337-0.87500000000000000-0.85416666666666663-0.83333333333333337
-0.81250000000000000-0.79166666666666663-0.77083333333333337-0.75000000000000000
-0.72916666666666674-0.70833333333333326-0.68750000000000000-0.66666666666666674
-0.64583333333333326-0.62500000000000000-0.60416666666666674-0.58333333333333326
-0.56250000000000000-0.54166666666666674-0.52083333333333326-0.50000000000000000
-0.47916666666666663-0.45833333333333337-0.43750000000000000-0.41666666666666663
-0.39583333333333337-0.37500000000000000-0.35416666666666663-0.33333333333333337
-0.31250000000000000-0.29166666666666663-0.27083333333333337-0.25000000000000000
-0.22916666666666663-0.20833333333333337-0.18750000000000000-0.16666666666666663
-0.14583333333333337-0.12500000000000000-0.10416666666666663-0.08333333333333337
-0.06250000000000000-0.04166666666666663-0.02083333333333337 0.00000000000000000
 0.02083333333333326 0.04166666666666674 0.06250000000000000 0.08333333333333326
 0.10416666666666674 0.12500000000000000 0.14583333333333326 0.16666666666666674
 0.18750000000000000 0.20833333333333326 0.22916666666666674 0.25000000000000000
 0.27083333333333326 0.29166666666666674 0.31250000000000000 0.33333333333333326
 0.35416666666666674 0.37500000000000000 0.39583333333333326 0.41666666666666674
 0.43750000000000000 0.45833333333333326 0.47916666666666674 0.50000000000000000
 0.52083333333333326 0.54166666666666674 0.56250000000000000 0.58333333333333326
 0.60416666666666674 0.62500000000000000 0.64583333333333326 0.66666666666666674
 0.68750000000000000 0.70833333333333326 0.72916666666666674 0.75000000000000000
 0.77083333333333326 0.79166666666666674 0.81250000000000000 0.83333333333333326
 0.85416666666666674 0.87500000000000000 0.89583333333333326 0.91666666666666674
 0.93750000000000000 0.95833333333333326 0.97916666666666674 1.00000000000000000
-0.97916666666666663-0.95833333333333337-0.93750000000000000-0.91666666666666663
-0.89583333333333337-0.87500000000000000-0.85416666666666663-0.83333333333333337
-0.81250000000000000-0.79166666666666663-0.77083333333333337-0.75000000000000000
-0.72916666666666674-0.70833333333333326-0.68750000000000000-0.66666666666666674
-0.64583333333333326-0.62500000000000000-0.60416666666666674-0.58333333333333326
-0.56250000000000000-0.54166666666666674-0.52083333333333326-0.50000000000000000
-0.47916666666666663-0.45833333333333337-0.43750000000000000-0.41666666666666663
-0.39583333333333337-0.37500000000000000-0.35416666666666663-0.33333333333333337
-0.31250000000000000-0.29166666666666663-0.27083333333333337-0.25000000000000000
-0.22916666666666663-0.20833333333333337-0.18750000000000000-0.16666666666666663
-0.14583333333333337-0.12500000000000000-0.10416666666666663-0.08333333333333337
-0.06250000000000000-0.04166666666666663-0.02083333333333337 0.00000000000000000
 0.02083333333333326 0.04166666666666674 0.06250000000000000 0.08333333333333326
 0.10416666666666674 0.12500000000000000 0.14583333333333326 0.16666666666666674
 0.18750000000000000 0.20833333333333326 0.22916666666666674 0.25000000000000000
 0.27083333333333326 0.29166666666666674 0.31250000000000000 0.33333333333333326
 0.35416666666666674 0.37500000000000000 0.39583333333333326 0.41666666666666674
 0.43750000000000000 0.45833333333333326 0.47916666666666674 0.50000000000000000
 0.52083333333333326 0.54166666666666674 0.56250000000000000 0.58333333333333326
 0.60416666666666674 0.62500000000000000 0.64583333333333326 0.66666666666666674
 0.68750000000000000 0.70833333333333326 0.72916666666666674 0.75000000000000000
 0.77083333333333326 0.79166666666666674 0.81250000000000000 0.83333333333333326
 0.85416666666666674 0.87500000000000000 0.89583333333333326 0.91666666666666674
 0.93750000000000000 0.95833333333333326 0.97916666666666674 1.00000000000000000
-0.97916666666666663-0.95833333333333337-0.93750000000000000-0.91666666666666663
-0.89583333333333337-0.87500000000000000-0.85416666666666663-0.83333333333333337
-0.81250000000000000-0.79166666666666663-0.77083333333333337-0.75000000000000000
-0.72916666666666674-0.70833333333333326-0.68750000000000000-0.66666666666666674
-0.64583333333333326-0.62500000000000000-0.60416666666666674-0.58333333333333326
-0.56250000000000000-0.54166666666666674-0.52083333333333326-0.50000000000000000
-0.47916666666666663-0.45833333333333337-0.43750000000000000-0.41666666666666663
-0.39583333333333337-0.37500000000000000-0.35416666666666663-0.33333333333333337
-0.31250000000000000-0.29166666666666663-0.27083333333333337-0.25000000000000000
-0.22916666666666663-0.20833333333333337-0.18750000000000000-0.16666666666666663
-0.14583333333333337-0.12500000000000000-0.10416666666666663-0.08333333333333337
-0.06250000000000000-0.04166666666666663-0.02083333333333337 0.00000000000000000
 0.02083333333333326 0.04166666666666674 0.06250000000000000 0.08333333333333326
 0.10416666666666674 0.12500000000000000 0.14583333333333326 0.16666666666666674
 0.18750000000000000 0.20833333333333326 0.22916666666666674 0.25000000000000000
 0.27083333333333326 0.29166666666666674 0.31250000000000000 0.33333333333333326
 0.35416666666666674 0.37500000000000000 0.39583333333333326 0.41666666666666674
 0.43750000000000000 0.45833333333333326 0.47916666666666674 0.50000000000000000
 0.52083333333333326 0.54166666666666674 0.56250000000000000 0.58333333333333326
 0.60416666666666674 0.62500000000000000 0.64583333333333326 0.66666666666666674
 0.68750000000000000 0.70833333333333326 0.72916666666666674 0.75000000000000000
 0.77083333333333326 0.79166666666666674 0.81250000000000000 0.83333333333333326
 0.85416666666666674 0.87500000000000000 0.89583333333333326 0.91666666666666674
 0.93750000000000000 0.95833333333333326 0.97916666666666674 1.00000000000000000
-0.97916666666666663-0.95833333333333337-0.93750000000000000-0.91666666666666663
-0.89583333333333337-0.87500000000000000-0.85416666666666663-0.83333333333333337
-0.81250000000000000-0.79166666666666663-0.77083333333333337-0.75000000000000000
-0.72916666666666674-0.70833333333333326-0.68750000000000000-0.66666666666666674
-0.64583333333333326-0.62500000000000000-0.60416666666666674-0.58333333333333326
-0.56250000000000000-0.54166666666666674-0.52083333333333326-0.50000000000000000
-0.47916666666666663-0.45833333333333337-0.43750000000000000-0.41666666666666663
-0.39583333333333337-0.37500000000000000-0.35416666666666663-0.33333333333333337
-0.31250000000000000-0.29166666666666663-0.27083333333333337-0.25000000000000000
-0.22916666666666663-0.20833333333333337-0.18750000000000000-0.16666666666666663
-0.14583333333333337-0.12500000000000000-0.10416666666666663-0.08333333333333337
-0.06250000000000000-0.04166666666666663-0.02083333333333337 0.00000000000000000
 0.02083333333333326 0.04166666666666674 0.06250000000000000 0.08333333333333326
 0.10416666666666674 0.12500000000000000 0.14583333333333326 0.16666666666666674
 0.18750000000000000 0.20833333333333326 0.22916666666666674 0.25000000000000000
 0.27083333333333326 0.29166666666666674 0.31250000000000000 0.33333333333333326
 0.35416666666666674 0.37500000000000000 0.39583333333333326 0.41666666666666674
 0.43750000000000000 0.45833333333333326 0.47916666666666674 0.50000000000000000
 0.52083333333333326 0.54166666666666674 0.56250000000000000 0.58333333333333326
 0.60416666666666674 0.62500000000000000 0.64583333333333326 0.66666666666666674
 0.68750000000000000 0.70833333333333326 0.72916666666666674 0.75000000000000000
 0.77083333333333326 0.79166666666666674 0.81250000000000000 0.83333333333333326
 0.85416666666666674 0.87500000000000000 0.89583333333333326 0.91666666666666674
 0.93750000000000000 0.95833333333333326 0.97916666666666674 1.00000000000000000
-0.97916666666666663-0.95833333333333337-0.93750000000000000-0.91666666666666663
-0.89583333333333337-0.87500000000000000-0.85416666666666663-0.83333333333333337
-0.81250000000000000-0.79166666666666663-0.77083333333333337-0.75000000000000000
-0.72916666666666674-0.70833333333333326-0.68750000000000000-0.66666666666666674
-0.64583333333333326-0.62500000000000000-0.60416666666666674-0.58333333333333326
-0.56250000000000000-0.54166666666666674-0.52083333333333326-0.50000000000000000
-0.47916666666666663-0.45833333333333337-0.43750000000000000-0.41666666666666663
-0.39583333333333337-0.37500000000000000-0.35416666666666663-0.33333333333333337
-0.31250000000000000-0.29166666666666663-0.27083333333333337-0.25000000000000000
-0.22916666666666663-0.20833333333333337-0.18750000000000000-0.16666666666666663
-0.14583333333333337-0.12500000000000000-0.10416666666666663-0.08333333333333337
-0.06250000000000000-0.04166666666666663-0.02083333333333337 0.00000000000000000
 0.02083333333333326 0.04166666666666674 0.06250000000000000 0.08333333333333326
 0.10416666666666674 0.12500000000000000 0.14583333333333326 0.16666666666666674
 0.18750000000000000 0.20833333333333326 0.22916666666666674 0.25000000000000000
 0.27083333333333326 0.29166666666666674 0.31250000000000000 0.33333333333333326
 0.35416666666666674 0.37500000000000000 0.39583333333333326 0.41666666666666674
 0.43750000000000000 0.45833333333333326 0.47916666666666674 0.50000000000000000
 0.52083333333333326 0.54166666666666674 0.56250000000000000 0.58333333333333326
 0.60416666666666674 0.62500000000000000 0.64583333333333326 0.66666666666666674
 0.68750000000000000 0.70833333333333326 0.72916666666666674 0.75000000000000000
 0.77083333333333326 0.79166666666666674 0.81250000000000000 0.83333333333333326
 0.85416666666666674 0.87500000000000000 0.89583333333333326 0.91666666666666674
 0.93750000000000000 0.95833333333333326 0.97916666666666674 1.00000000000000000
 1.00000000000000000 0.00000000000000000 0.00000000000000000 0.00000000000000000
 0.00000000000000000 0.00000000000000000 0.00000000000000000 0.00000000000000000
 0.00000000000000000 0.00000000000000000
