 0.11190972074694172 0.11934901405336822 0.12616616845052728 0.13419885939514872
 0.14256662307771187 0.15080379879510011 0.15902176045345223 0.16725440968534933
 0.17554273919994146 0.18390828883722857 0.19237156414816017 0.20098064318600559
 0.20967475135350669 0.21848184340785889 0.22736200005879442 0.23630226773837720
 0.24528977532546353 0.25427099472364206 0.26326960097302821 0.27227774129785276
 0.28133672937372201 0.29048809481358334 0.29969350810567746 0.30889459469868558
 0.31808165043338421 0.32735183457400113 0.33672101053722353 0.34619429254505651
 0.35571321947729989 0.36528243106282765 0.37488025286979199 0.38444420306015348
 0.39396958915663860 0.40348993364457991 0.41304747008260412 0.42266960153982075
 0.43229769166813864 0.44190359315344385 0.45147609628574753 0.46099769165903470
 0.47046425007216558 0.47989765451799132 0.48928339840180574 0.49865712242201476
 0.50804310378119766 0.51740993978730709 0.52676213583182607 0.53602995398003417
 0.54524096777501430 0.55445672652170042 0.56360681893814257 0.57269346609888017
 0.58167286375994165 0.59056124384143904 0.59933445597956281 0.60810241693256073
 0.61672918902817764 0.62529432118714634 0.63366839366123240 0.64202448208031238
 0.65037478921956815 0.65877590963102550 0.66709604877196449 0.67526911884997820
 0.68329229781625211 0.69121411823583723 0.69901911428516594 0.70674258983337468
 0.71433090595267268 0.72190735264061967 0.72948256081819274 0.73698735787961112
 0.74439722093247285 0.75172886311486820 0.75897253884647087 0.76612394584256993
 0.77318116646305912 0.78015954792180919 0.78710145991041591 0.79401565407306762
 0.80089043577673003 0.80773274305631360 0.81448190440279711 0.82112205345969347
 0.82772364761221717 0.83427283142485686 0.84076794114843534 0.84719627832696798
 0.85359408255120728 0.85989380165854545 0.86613566592439539 0.87226182804997610
 0.87784532286495409 0.88266793501962859 0.88636719028524569 1.00000000000000000
-0.00231564395082363 0.00961762045547646 0.01975305228761607 0.03017617397414527
 0.04064554809310199 0.05131871005496062 0.06195604133056361 0.07259770385807647
 0.08312871577320809 0.09366183045152109 0.10421030629890886 0.11483872193655424
 0.12550484550976829 0.13607985888332028 0.14667453618480655 0.15720190841454953
 0.16772831704735067 0.17816422185446559 0.18860369820923453 0.19906916345047301
 0.20960328743761111 0.22023141685310069 0.23089359258972894 0.24145979595834341
 0.25198458563040999 0.26246569329994407 0.27296273871756382 0.28348657923289328
 0.29393808430064733 0.30438227298738152 0.31481009199513904 0.32522237339815407
 0.33568591653221114 0.34614892721519908 0.35669653317204292 0.36713575258319153
 0.37760044551509048 0.38803266018782195 0.39838216275416471 0.40872508877399039
 0.41908632522906919 0.42962215652445729 0.44009283406901167 0.45060800044366112
 0.46118039172134140 0.47179976480230579 0.48242826259015797 0.49314528326358442
 0.50391600416777860 0.51471091486495102 0.52546262867865168 0.53612939876648258
 0.54681977543782700 0.55749197072574008 0.56816838039628981 0.57872537527965195
 0.58931065112922876 0.59990041195733257 0.61043648496822045 0.62095028867621116
 0.63153915126801996 0.64223307790983197 0.65279756297793357 0.66327478464372058
 0.67373407834567667 0.68426595556113390 0.69479501911740671 0.70530505181688685
 0.71592610483648400 0.72652965786530077 0.73716587898866159 0.74763633148353603
 0.75815828019166942 0.76868749184935392 0.77929795570967408 0.78989080657843969
 0.80036061677200776 0.81069314997647490 0.82108702058420668 0.83148693037995991
 0.84202263910348585 0.85254764530650484 0.86312709927153997 0.87376360539885733
 0.88425807302817039 0.89482260759653154 0.90533668929522804 0.91590873327954325
 0.92634974188668351 0.93679994521127241 0.94737616320383089 0.95793847964926448
 0.96841606032725702 0.97888980168798589 0.98937354973960023 1.00000000000000000
 0.02738574628348583 0.03364656892543690 0.04244282205738691 0.05198979447923712
 0.06151437051411526 0.07108857323800109 0.08077958739441789 0.09055711637911058
 0.10032976105345957 0.11017751260567721 0.12004725663164650 0.12989611422157304
 0.13968723530255273 0.14953481600642224 0.15937361889671031 0.16924481319103354
 0.17900145074729845 0.18877576690356851 0.19869129575217573 0.20865676361781982
 0.21867180570188846 0.22862988098019696 0.23851967600389343 0.24851719562248342
 0.25851800717868417 0.26856341226308994 0.27851685013728483 0.28842862119009527
 0.29847708513408183 0.30852970802558483 0.31854833790052245 0.32844587902314581
 0.33838917211769115 0.34834737799921955 0.35834225459605817 0.36821362276330194
 0.37808798298518481 0.38796005621566093 0.39792698893933592 0.40799044646381311
 0.41807431096425474 0.42809883804642657 0.43805828627023252 0.44792198463230359
 0.45781590321219434 0.46766317877898111 0.47754359930759743 0.48744561308815615
 0.49734857004851513 0.50742817747956881 0.51744672004488323 0.52746333795259781
 0.53745640311942522 0.54747368533537932 0.55755202406695115 0.56750834947803575
 0.57737957769013659 0.58730228050785327 0.59726932066788707 0.60734703053124395
 0.61742826840455978 0.62752045581049309 0.63762586880492722 0.64770836198510262
 0.65773289365084542 0.66770917200692104 0.67761134425425218 0.68758651622039668
 0.69757353085909879 0.70757049807579231 0.71754609691504079 0.72754702312067143
 0.73761731174983913 0.74772256430634687 0.75770468073686359 0.76778615903960867
 0.77788171686591490 0.78800604975518285 0.79805337012753241 0.80802274191744139
 0.81812439882759669 0.82821003873493559 0.83833968686718330 0.84853676480678863
 0.85876327946965925 0.86904699790094886 0.87922863207993451 0.88948518269981902
 0.89972997370669605 0.90994633951870973 0.92017912494006260 0.93042327502525590
 0.94071999718232857 0.95090942310449567 0.95968195666215994 1.00000000000000000
 0.22029153876951749 0.23816517439113172 0.24915645279453713 0.25969089740428497
 0.26971344797233165 0.27923693727806370 0.28839098636175703 0.29716010302770152
 0.30562509841662827 0.31384413683065726 0.32179703376095647 0.32961378470805941
 0.33724374285171732 0.34468850952127916 0.35202322001414288 0.35922556682789586
 0.36633322122840528 0.37338416287497839 0.38033380520541826 0.38720710909943978
 0.39402182873778158 0.40067219141943483 0.40720872800635238 0.41372409845340280
 0.42018598398178081 0.42661228266809109 0.43300345734149487 0.43935413688270930
 0.44562236948287864 0.45185983337537194 0.45806912079264284 0.46418123010232998
 0.47021596421454048 0.47621545652197877 0.48214908690348263 0.48806541306012308
 0.49396406850049801 0.49982368977367697 0.50557168623654947 0.51128072160395077
 0.51698801700421138 0.52265016466281722 0.52827467334181233 0.53389645776398043
 0.53949533641149428 0.54504447682994095 0.55054060771901370 0.55604487491806365
 0.56153892748332990 0.56695923054961805 0.57232722046524154 0.57764614166398409
 0.58295306345296749 0.58819666223462441 0.59340883621422680 0.59859588026607302
 0.60372820008408690 0.60880247119191822 0.61383468911727046 0.61885776479411092
 0.62387552886870135 0.62886574813820395 0.63382076039282564 0.63874923386583349
 0.64367231685593607 0.64857330015394254 0.65341362269435788 0.65823047261410073
 0.66299903655517256 0.66777907926752578 0.67247659839022023 0.67717948685468454
 0.68185885017495063 0.68653387538695243 0.69119532701883224 0.69583889413821254
 0.70049173242029961 0.70514771326228776 0.70981669308807405 0.71448136624093939
 0.71912788417355211 0.72372615914225957 0.72829846764556072 0.73286530139546846
 0.73741657808038585 0.74195965537973041 0.74650299361023387 0.75104392252362806
 0.75563866216945608 0.76024144700483320 0.76479799353464850 0.76975096962116685
 0.77305966229866596 0.77633659425182322 0.78195196462661953 1.00000000000000000
-0.97916666666666663-0.95833333333333337-0.93750000000000000-0.91666666666666663
-0.89583333333333337-0.87500000000000000-0.85416666666666663-0.83333333333333337
-0.81250000000000000-0.79166666666666663-0.77083333333333337-0.75000000000000000
-0.72916666666666674-0.70833333333333326-0.68750000000000000-0.66666666666666674
-0.64583333333333326-0.62500000000000000-0.60416666666666674-0.58333333333333326
-0.56250000000000000-0.54166666666666674-0.52083333333333326-0.50000000000000000
-0.47916666666666663-0.45833333333333337-0.43750000000000000-0.41666666666666663
-0.39583333333333337-0.37500000000000000-0.35416666666666663-0.33333333333333337
-0.31250000000000000-0.29166666666666663-0.27083333333333337-0.25000000000000000
-0.22916666666666663-0.20833333333333337-0.18750000000000000-0.16666666666666663
-0.14583333333333337-0.12500000000000000-0.10416666666666663-0.08333333333333337
-0.06250000000000000-0.04166666666666663-0.02083333333333337 0.00000000000000000
 0.02083333333333326 0.04166666666666674 0.06250000000000000 0.08333333333333326
 0.10416666666666674 0.12500000000000000 0.14583333333333326 0.16666666666666674
 0.18750000000000000 0.20833333333333326 0.22916666666666674 0.25000000000000000
 0.27083333333333326 0.29166666666666674 0.31250000000000000 0.33333333333333326
 0.35416666666666674 0.37500000000000000 0.39583333333333326 0.41666666666666674
 0.43750000000000000 0.45833333333333326 0.47916666666666674 0.50000000000000000
 0.52083333333333326 0.54166666666666674 0.56250000000000000 0.58333333333333326
 0.60416666666666674 0.62500000000000000 0.64583333333333326 0.66666666666666674
 0.68750000000000000 0.70833333333333326 0.72916666666666674 0.75000000000000000
 0.77083333333333326 0.79166666666666674 0.81250000000000000 0.83333333333333326
 0.85416666666666674 0.87500000000000000 0.89583333333333326 0.91666666666666674
 0.93750000000000000 0.95833333333333326 0.97916666666666674 1.00000000000000000
-0.97916666666666663-0.95833333333333337-0.93750000000000000-0.91666666666666663
-0.89583333333333337-0.87500000000000000-0.85416666666666663-0.83333333333333337
-0.81250000000000000-0.79166666666666663-0.77083333333333337-0.75000000000000000
-0.72916666666666674-0.70833333333333326-0.68750000000000000-0.66666666666666674
-0.64583333333333326-0.62500000000000000-0.60416666666666674-0.58333333333333326
-0.56250000000000000-0.54166666666666674-0.52083333333333326-0.50000000000000000
-0.47916666666666663-0.45833333333333337-0.43750000000000000-0.41666666666666663
-0.39583333333333337-0.37500000000000000-0.35416666666666663-0.33333333333333337
-0.31250000000000000-0.29166666666666663-0.27083333333333337-0.25000000000000000
-0.22916666666666663-0.20833333333333337-0.18750000000000000-0.16666666666666663
-0.14583333333333337-0.12500000000000000-0.10416666666666663-0.08333333333333337
-0.06250000000000000-0.04166666666666663-0.02083333333333337 0.00000000000000000
 0.02083333333333326 0.04166666666666674 0.06250000000000000 0.08333333333333326
 0.10416666666666674 0.12500000000000000 0.14583333333333326 0.16666666666666674
 0.18750000000000000 0.20833333333333326 0.22916666666666674 0.25000000000000000
 0.27083333333333326 0.29166666666666674 0.31250000000000000 0.33333333333333326
 0.35416666666666674 0.37500000000000000 0.39583333333333326 0.41666666666666674
 0.43750000000000000 0.45833333333333326 0.47916666666666674 0.50000000000000000
 0.52083333333333326 0.54166666666666674 0.56250000000000000 0.58333333333333326
 0.60416666666666674 0.62500000000000000 0.64583333333333326 0.66666666666666674
 0.68750000000000000 0.70833333333333326 0.72916666666666674 0.75000000000000000
 0.77083333333333326 0.79166666666666674 0.81250000000000000 0.83333333333333326
 0.85416666666666674 0.87500000000000000 0.89583333333333326 0.91666666666666674
 0.93750000000000000 0.95833333333333326 0.97916666666666674 1.00000000000000000
-0.97916666666666663-0.95833333333333337-0.93750000000000000-0.91666666666666663
-0.89583333333333337-0.87500000000000000-0.85416666666666663-0.83333333333333337
-0.81250000000000000-0.79166666666666663-0.77083333333333337-0.75000000000000000
-0.72916666666666674-0.70833333333333326-0.68750000000000000-0.66666666666666674
-0.64583333333333326-0.62500000000000000-0.60416666666666674-0.58333333333333326
-0.56250000000000000-0.54166666666666674-0.52083333333333326-0.50000000000000000
-0.47916666666666663-0.45833333333333337-0.43750000000000000-0.41666666666666663
-0.39583333333333337-0.37500000000000000-0.35416666666666663-0.33333333333333337
-0.31250000000000000-0.29166666666666663-0.27083333333333337-0.25000000000000000
-0.22916666666666663-0.20833333333333337-0.18750000000000000-0.16666666666666663
-0.14583333333333337-0.12500000000000000-0.10416666666666663-0.08333333333333337
-0.06250000000000000-0.04166666666666663-0.02083333333333337 0.00000000000000000
 0.02083333333333326 0.04166666666666674 0.06250000000000000 0.08333333333333326
 0.10416666666666674 0.12500000000000000 0.14583333333333326 0.16666666666666674
 0.18750000000000000 0.20833333333333326 0.22916666666666674 0.25000000000000000
 0.27083333333333326 0.29166666666666674 0.31250000000000000 0.33333333333333326
 0.35416666666666674 0.37500000000000000 0.39583333333333326 0.41666666666666674
 0.43750000000000000 0.45833333333333326 0.47916666666666674 0.50000000000000000
 0.52083333333333326 0.54166666666666674 0.56250000000000000 0.58333333333333326
 0.60416666666666674 0.62500000000000000 0.64583333333333326 0.66666666666666674
 0.68750000000000000 0.70833333333333326 0.72916666666666674 0.75000000000000000
 0.77083333333333326 0.79166666666666674 0.81250000000000000 0.83333333333333326
 0.85416666666666674 0.87500000000000000 0.89583333333333326 0.91666666666666674
 0.93750000000000000 0.95833333333333326 0.97916666666666674 1.00000000000000000
-0.97916666666666663-0.95833333333333337-0.93750000000000000-0.91666666666666663
-0.89583333333333337-0.87500000000000000-0.85416666666666663-0.83333333333333337
-0.81250000000000000-0.79166666666666663-0.77083333333333337-0.75000000000000000
-0.72916666666666674-0.70833333333333326-0.68750000000000000-0.66666666666666674
-0.64583333333333326-0.62500000000000000-0.60416666666666674-0.58333333333333326
-0.56250000000000000-0.54166666666666674-0.52083333333333326-0.50000000000000000
-0.47916666666666663-0.45833333333333337-0.43750000000000000-0.41666666666666663
-0.39583333333333337-0.37500000000000000-0.35416666666666663-0.33333333333333337
-0.31250000000000000-0.29166666666666663-0.27083333333333337-0.25000000000000000
-0.22916666666666663-0.20833333333333337-0.18750000000000000-0.16666666666666663
-0.14583333333333337-0.12500000000000000-0.10416666666666663-0.08333333333333337
-0.06250000000000000-0.04166666666666663-0.02083333333333337 0.00000000000000000
 0.02083333333333326 0.04166666666666674 0.06250000000000000 0.08333333333333326
 0.10416666666666674 0.12500000000000000 0.14583333333333326 0.16666666666666674
 0.18750000000000000 0.20833333333333326 0.22916666666666674 0.25000000000000000
 0.27083333333333326 0.29166666666666674 0.31250000000000000 0.33333333333333326
 0.35416666666666674 0.37500000000000000 0.39583333333333326 0.41666666666666674
 0.43750000000000000 0.45833333333333326 0.47916666666666674 0.50000000000000000
 0.52083333333333326 0.54166666666666674 0.56250000000000000 0.58333333333333326
 0.60416666666666674 0.62500000000000000 0.64583333333333326 0.66666666666666674
 0.68750000000000000 0.70833333333333326 0.72916666666666674 0.75000000000000000
 0.77083333333333326 0.79166666666666674 0.81250000000000000 0.83333333333333326
 0.85416666666666674 0.87500000000000000 0.89583333333333326 0.91666666666666674
 0.93750000000000000 0.95833333333333326 0.97916666666666674 1.00000000000000000
-0.97916666666666663-0.95833333333333337-0.93750000000000000-0.91666666666666663
-0.89583333333333337-0.87500000000000000-0.85416666666666663-0.83333333333333337
-0.81250000000000000-0.79166666666666663-0.77083333333333337-0.75000000000000000
-0.72916666666666674-0.70833333333333326-0.68750000000000000-0.66666666666666674
-0.64583333333333326-0.62500000000000000-0.60416666666666674-0.58333333333333326
-0.56250000000000000-0.54166666666666674-0.52083333333333326-0.50000000000000000
-0.47916666666666663-0.45833333333333337-0.43750000000000000-0.41666666666666663
-0.39583333333333337-0.37500000000000000-0.35416666666666663-0.33333333333333337
-0.31250000000000000-0.29166666666666663-0.27083333333333337-0.25000000000000000
-0.22916666666666663-0.20833333333333337-0.18750000000000000-0.16666666666666663
-0.14583333333333337-0.12500000000000000-0.10416666666666663-0.08333333333333337
-0.06250000000000000-0.04166666666666663-0.02083333333333337 0.00000000000000000
 0.02083333333333326 0.04166666666666674 0.06250000000000000 0.08333333333333326
 0.10416666666666674 0.12500000000000000 0.14583333333333326 0.16666666666666674
 0.18750000000000000 0.20833333333333326 0.22916666666666674 0.25000000000000000
 0.27083333333333326 0.29166666666666674 0.31250000000000000 0.33333333333333326
 0.35416666666666674 0.37500000000000000 0.39583333333333326 0.41666666666666674
 0.43750000000000000 0.45833333333333326 0.47916666666666674 0.50000000000000000
 0.52083333333333326 0.54166666666666674 0.56250000000000000 0.58333333333333326
 0.60416666666666674 0.62500000000000000 0.64583333333333326 0.66666666666666674
 0.68750000000000000 0.70833333333333326 0.72916666666666674 0.75000000000000000
 0.77083333333333326 0.79166666666666674 0.81250000000000000 0.83333333333333326
 0.85416666666666674 0.87500000000000000 0.89583333333333326 0.91666666666666674
 0.93750000000000000 0.95833333333333326 0.97916666666666674 1.00000000000000000
-0.97916666666666663-0.95833333333333337-0.93750000000000000-0.91666666666666663
-0.89583333333333337-0.87500000000000000-0.85416666666666663-0.83333333333333337
-0.81250000000000000-0.79166666666666663-0.77083333333333337-0.75000000000000000
-0.72916666666666674-0.70833333333333326-0.68750000000000000-0.66666666666666674
-0.64583333333333326-0.62500000000000000-0.60416666666666674-0.58333333333333326
-0.56250000000000000-0.54166666666666674-0.52083333333333326-0.50000000000000000
-0.47916666666666663-0.45833333333333337-0.43750000000000000-0.41666666666666663
-0.39583333333333337-0.37500000000000000-0.35416666666666663-0.33333333333333337
-0.31250000000000000-0.29166666666666663-0.27083333333333337-0.25000000000000000
-0.22916666666666663-0.20833333333333337-0.18750000000000000-0.16666666666666663
-0.14583333333333337-0.12500000000000000-0.10416666666666663-0.08333333333333337
-0.06250000000000000-0.04166666666666663-0.02083333333333337 0.00000000000000000
 0.02083333333333326 0.04166666666666674 0.06250000000000000 0.08333333333333326
 0.10416666666666674 0.12500000000000000 0.14583333333333326 0.16666666666666674
 0.18750000000000000 0.20833333333333326 0.22916666666666674 0.25000000000000000
 0.27083333333333326 0.29166666666666674 0.31250000000000000 0.33333333333333326
 0.35416666666666674 0.37500000000000000 0.39583333333333326 0.41666666666666674
 0.43750000000000000 0.45833333333333326 0.47916666666666674 0.50000000000000000
 0.52083333333333326 0.54166666666666674 0.56250000000000000 0.58333333333333326
 0.60416666666666674 0.62500000000000000 0.64583333333333326 0.66666666666666674
 0.68750000000000000 0.70833333333333326 0.72916666666666674 0.75000000000000000
 0.77083333333333326 0.79166666666666674 0.81250000000000000 0.83333333333333326
 0.85416666666666674 0.87500000000000000 0.89583333333333326 0.91666666666666674
 0.93750000000000000 0.95833333333333326 0.97916666666666674 1.00000000000000000
-0.97916666666666663-0.95833333333333337-0.93750000000000000-0.91666666666666663
-0.89583333333333337-0.87500000000000000-0.85416666666666663-0.83333333333333337
-0.81250000000000000-0.79166666666666663-0.77083333333333337-0.75000000000000000
-0.72916666666666674-0.70833333333333326-0.68750000000000000-0.66666666666666674
-0.64583333333333326-0.62500000000000000-0.60416666666666674-0.58333333333333326
-0.56250000000000000-0.54166666666666674-0.52083333333333326-0.50000000000000000
-0.47916666666666663-0.45833333333333337-0.43750000000000000-0.41666666666666663
-0.39583333333333337-0.37500000000000000-0.35416666666666663-0.33333333333333337
-0.31250000000000000-0.29166666666666663-0.27083333333333337-0.25000000000000000
-0.22916666666666663-0.20833333333333337-0.18750000000000000-0.16666666666666663
-0.14583333333333337-0.12500000000000000-0.10416666666666663-0.08333333333333337
-0.06250000000000000-0.04166666666666663-0.02083333333333337 0.00000000000000000
 0.02083333333333326 0.04166666666666674 0.06250000000000000 0.08333333333333326
 0.10416666666666674 0.12500000000000000 0.14583333333333326 0.16666666666666674
 0.18750000000000000 0.20833333333333326 0.22916666666666674 0.25000000000000000
 0.27083333333333326 0.29166666666666674 0.31250000000000000 0.33333333333333326
 0.35416666666666674 0.37500000000000000 0.39583333333333326 0.41666666666666674
 0.43750000000000000 0.45833333333333326 0.47916666666666674 0.50000000000000000
 0.52083333333333326 0.54166666666666674 0.56250000000000000 0.58333333333333326
 0.60416666666666674 0.62500000000000000 0.64583333333333326 0.66666666666666674
 0.68750000000000000 0.70833333333333326 0.72916666666666674 0.75000000000000000
 0.77083333333333326 0.79166666666666674 0.81250000000000000 0.83333333333333326
 0.85416666666666674 0.87500000000000000 0.89583333333333326 0.91666666666666674
 0.93750000000000000 0.95833333333333326 0.97916666666666674 1.00000000000000000
-0.97916666666666663-0.95833333333333337-0.93750000000000000-0.91666666666666663
-0.89583333333333337-0.87500000000000000-0.85416666666666663-0.83333333333333337
-0.81250000000000000-0.79166666666666663-0.77083333333333337-0.75000000000000000
-0.72916666666666674-0.70833333333333326-0.68750000000000000-0.66666666666666674
-0.64583333333333326-0.62500000000000000-0.60416666666666674-0.58333333333333326
-0.56250000000000000-0.54166666666666674-0.52083333333333326-0.50000000000000000
-0.47916666666666663-0.45833333333333337-0.43750000000000000-0.41666666666666663
-0.39583333333333337-0.37500000000000000-0.35416666666666663-0.33333333333333337
-0.31250000000000000-0.29166666666666663-0.27083333333333337-0.25000000000000000
-0.22916666666666663-0.20833333333333337-0.18750000000000000-0.16666666666666663
-0.14583333333333337-0.12500000000000000-0.10416666666666663-0.08333333333333337
-0.06250000000000000-0.04166666666666663-0.02083333333333337 0.00000000000000000
 0.02083333333333326 0.04166666666666674 0.06250000000000000 0.08333333333333326
 0.10416666666666674 0.12500000000000000 0.14583333333333326 0.16666666666666674
 0.18750000000000000 0.20833333333333326 0.22916666666666674 0.25000000000000000
 0.27083333333333326 0.29166666666666674 0.31250000000000000 0.33333333333333326
 0.35416666666666674 0.37500000000000000 0.39583333333333326 0.41666666666666674
 0.43750000000000000 0.45833333333333326 0.47916666666666674 0.50000000000000000
 0.52083333333333326 0.54166666666666674 0.56250000000000000 0.58333333333333326
 0.60416666666666674 0.62500000000000000 0.64583333333333326 0.66666666666666674
 0.68750000000000000 0.70833333333333326 0.72916666666666674 0.75000000000000000
 0.77083333333333326 0.79166666666666674 0.81250000000000000 0.83333333333333326
 0.85416666666666674 0.87500000000000000 0.89583333333333326 0.91666666666666674
 0.93750000000000000 0.95833333333333326 0.97916666666666674 1.00000000000000000
-0.97916666666666663-0.95833333333333337-0.93750000000000000-0.91666666666666663
-0.89583333333333337-0.87500000000000000-0.85416666666666663-0.83333333333333337
-0.81250000000000000-0.79166666666666663-0.77083333333333337-0.75000000000000000
-0.72916666666666674-0.70833333333333326-0.68750000000000000-0.66666666666666674
-0.64583333333333326-0.62500000000000000-0.60416666666666674-0.58333333333333326
-0.56250000000000000-0.54166666666666674-0.52083333333333326-0.50000000000000000
-0.47916666666666663-0.45833333333333337-0.43750000000000000-0.41666666666666663
-0.39583333333333337-0.37500000000000000-0.35416666666666663-0.33333333333333337
-0.31250000000000000-0.29166666666666663-0.27083333333333337-0.25000000000000000
-0.22916666666666663-0.20833333333333337-0.18750000000000000-0.16666666666666663
-0.14583333333333337-0.12500000000000000-0.10416666666666663-0.08333333333333337
-0.06250000000000000-0.04166666666666663-0.02083333333333337 0.00000000000000000
 0.02083333333333326 0.04166666666666674 0.06250000000000000 0.08333333333333326
 0.10416666666666674 0.12500000000000000 0.14583333333333326 0.16666666666666674
 0.18750000000000000 0.20833333333333326 0.22916666666666674 0.25000000000000000
 0.27083333333333326 0.29166666666666674 0.31250000000000000 0.33333333333333326
 0.35416666666666674 0.37500000000000000 0.39583333333333326 0.41666666666666674
 0.43750000000000000 0.45833333333333326 0.47916666666666674 0.50000000000000000
 0.52083333333333326 0.54166666666666674 0.56250000000000000 0.58333333333333326
 0.60416666666666674 0.62500000000000000 0.64583333333333326 0.66666666666666674
 0.68750000000000000 0.70833333333333326 0.72916666666666674 0.75000000000000000
 0.77083333333333326 0.79166666666666674 0.81250000000000000 0.83333333333333326
 0.85416666666666674 0.87500000000000000 0.89583333333333326 0.91666666666666674
 0.93750000000000000 0.95833333333333326 0.97916666666666674 1.00000000000000000
-0.97916666666666663-0.95833333333333337-0.93750000000000000-0.91666666666666663
-0.89583333333333337-0.87500000000000000-0.85416666666666663-0.83333333333333337
-0.81250000000000000-0.79166666666666663-0.77083333333333337-0.75000000000000000
-0.72916666666666674-0.70833333333333326-0.68750000000000000-0.66666666666666674
-0.64583333333333326-0.62500000000000000-0.60416666666666674-0.58333333333333326
-0.56250000000000000-0.54166666666666674-0.52083333333333326-0.50000000000000000
-0.47916666666666663-0.45833333333333337-0.43750000000000000-0.41666666666666663
-0.39583333333333337-0.37500000000000000-0.35416666666666663-0.33333333333333337
-0.31250000000000000-0.29166666666666663-0.27083333333333337-0.25000000000000000
-0.22916666666666663-0.20833333333333337-0.18750000000000000-0.16666666666666663
-0.14583333333333337-0.12500000000000000-0.10416666666666663-0.08333333333333337
-0.06250000000000000-0.04166666666666663-0.02083333333333337 0.00000000000000000
 0.02083333333333326 0.04166666666666674 0.06250000000000000 0.08333333333333326
 0.10416666666666674 0.12500000000000000 0.14583333333333326 0.16666666666666674
 0.18750000000000000 0.20833333333333326 0.22916666666666674 0.25000000000000000
 0.27083333333333326 0.29166666666666674 0.31250000000000000 0.33333333333333326
 0.35416666666666674 0.37500000000000000 0.39583333333333326 0.41666666666666674
 0.43750000000000000 0.45833333333333326 0.47916666666666674 0.50000000000000000
 0.52083333333333326 0.54166666666666674 0.56250000000000000 0.58333333333333326
 0.60416666666666674 0.62500000000000000 0.64583333333333326 0.66666666666666674
 0.68750000000000000 0.70833333333333326 0.72916666666666674 0.75000000000000000
 0.77083333333333326 0.79166666666666674 0.81250000000000000 0.83333333333333326
 0.85416666666666674 0.87500000000000000 0.89583333333333326 0.91666666666666674
 0.93750000000000000 0.95833333333333326 0.97916666666666674 1.00000000000000000
-0.97916666666666663-0.95833333333333337-0.93750000000000000-0.91666666666666663
-0.89583333333333337-0.87500000000000000-0.85416666666666663-0.83333333333333337
-0.81250000000000000-0.79166666666666663-0.77083333333333337-0.75000000000000000
-0.72916666666666674-0.70833333333333326-0.68750000000000000-0.66666666666666674
-0.64583333333333326-0.62500000000000000-0.60416666666666674-0.58333333333333326
-0.56250000000000000-0.54166666666666674-0.52083333333333326-0.50000000000000000
-0.47916666666666663-0.45833333333333337-0.43750000000000000-0.41666666666666663
-0.39583333333333337-0.37500000000000000-0.35416666666666663-0.33333333333333337
-0.31250000000000000-0.29166666666666663-0.27083333333333337-0.25000000000000000
-0.22916666666666663-0.20833333333333337-0.18750000000000000-0.16666666666666663
-0.14583333333333337-0.12500000000000000-0.10416666666666663-0.08333333333333337
-0.06250000000000000-0.04166666666666663-0.02083333333333337 0.00000000000000000
 0.02083333333333326 0.04166666666666674 0.06250000000000000 0.08333333333333326
 0.10416666666666674 0.12500000000000000 0.14583333333333326 0.16666666666666674
 0.18750000000000000 0.20833333333333326 0.22916666666666674 0.25000000000000000
 0.27083333333333326 0.29166666666666674 0.31250000000000000 0.33333333333333326
 0.35416666666666674 0.37500000000000000 0.39583333333333326 0.41666666666666674
 0.43750000000000000 0.45833333333333326 0.47916666666666674 0.50000000000000000
 0.52083333333333326 0.54166666666666674 0.56250000000000000 0.58333333333333326
 0.60416666666666674 0.62500000000000000 0.64583333333333326 0.66666666666666674
 0.68750000000000000 0.70833333333333326 0.72916666666666674 0.75000000000000000
 0.77083333333333326 0.79166666666666674 0.81250000000000000 0.83333333333333326
 0.85416666666666674 0.87500000000000000 0.89583333333333326 0.91666666666666674
 0.93750000000000000 0.95833333333333326 0.97916666666666674 1.00000000000000000
-0.97916666666666663-0.95833333333333337-0.93750000000000000-0.91666666666666663
-0.89583333333333337-0.87500000000000000-0.85416666666666663-0.83333333333333337
-0.81250000000000000-0.79166666666666663-0.77083333333333337-0.75000000000000000
-0.72916666666666674-0.70833333333333326-0.68750000000000000-0.66666666666666674
-0.64583333333333326-0.62500000000000000-0.60416666666666674-0.58333333333333326
-0.56250000000000000-0.54166666666666674-0.52083333333333326-0.50000000000000000
-0.47916666666666663-0.45833333333333337-0.43750000000000000-0.41666666666666663
-0.39583333333333337-0.37500000000000000-0.35416666666666663-0.33333333333333337
-0.31250000000000000-0.29166666666666663-0.27083333333333337-0.25000000000000000
-0.22916666666666663-0.20833333333333337-0.18750000000000000-0.16666666666666663
-0.14583333333333337-0.12500000000000000-0.10416666666666663-0.08333333333333337
-0.06250000000000000-0.04166666666666663-0.02083333333333337 0.00000000000000000
 0.02083333333333326 0.04166666666666674 0.06250000000000000 0.08333333333333326
 0.10416666666666674 0.12500000000000000 0.14583333333333326 0.16666666666666674
 0.18750000000000000 0.20833333333333326 0.22916666666666674 0.25000000000000000
 0.27083333333333326 0.29166666666666674 0.31250000000000000 0.33333333333333326
 0.35416666666666674 0.37500000000000000 0.39583333333333326 0.41666666666666674
 0.43750000000000000 0.45833333333333326 0.47916666666666674 0.50000000000000000
 0.52083333333333326 0.54166666666666674 0.56250000000000000 0.58333333333333326
 0.60416666666666674 0.62500000000000000 0.64583333333333326 0.66666666666666674
 0.68750000000000000 0.70833333333333326 0.72916666666666674 0.75000000000000000
 0.77083333333333326 0.79166666666666674 0.81250000000000000 0.83333333333333326
 0.85416666666666674 0.87500000000000000 0.89583333333333326 0.91666666666666674
 0.93750000000000000 0.95833333333333326 0.97916666666666674 1.00000000000000000
 1.00000000000000000 0.00000000000000000 0.00000000000000000 0.00000000000000000
 0.00000000000000000 0.00000000000000000 0.00000000000000000 0.00000000000000000
 0.00000000000000000 0.00000000000000000
