 0.00000062005702475 0.00000877355116359 0.00001399420151557 0.00001864811321351
 0.00002301601567363 0.00002722279493011 0.00003143508243854 0.00003567126443084
 0.00003987729605269 0.00004409539673743 0.00004834257160074 0.00005261553558805
 0.00005689390654344 0.00006130406808423 0.00006574915398703 0.00007025343330361
 0.00007486671854703 0.00007962216075556 0.00008450531507811 0.00008947274880500
 0.00009450629169368 0.00009962524608513 0.00010487747280702 0.00011026874406030
 0.00011577628710329 0.00012138460544483 0.00012711315335171 0.00013298962404740
 0.00013889256446450 0.00014482177045622 0.00015082049377947 0.00015696423316813
 0.00016315455800676 0.00016957994199388 0.00017643738960755 0.00018356099621218
 0.00019099863163875 0.00019872211314066 0.00020664233016308 0.00021496999490610
 0.00022362470455101 0.00023270218777483 0.00024235367269670 0.00025226261241991
 0.00026279971984971 0.00027387508336372 0.00028528324192885 0.00029736253742058
 0.00030943478849555 0.00032227913142491 0.00033556347447884 0.00034993532958012
 0.00036551180846804 0.00038161874741766 0.00039893199035149 0.00041654602959677
 0.00043574042900104 0.00045565817141574 0.00047659285990127 0.00049855596238990
 0.00052159016896130 0.00054593069521498 0.00057131901667907 0.00059962138228756
 0.00062958064883242 0.00066230396073041 0.00069582316091684 0.00073283105141579
 0.00077193096374963 0.00081441142967972 0.00086000386835781 0.00090976540086525
 0.00096477327119663 0.00102414650013671 0.00108922278610718 0.00116026697657856
 0.00124194811526606 0.00133253967817352 0.00142802214957536 0.00153060137020335
 0.00164465745745363 0.00177588647021792 0.00192494296012842 0.00209725632677471
 0.00230098402321868 0.00253039315047699 0.00279518572616337 0.00310926544278445
 0.00348289515215180 0.00394558695268459 0.00455143117168726 0.00534290824253788
 0.00664511930527626 0.00925110749275104 0.44231306183872171 1.00000000000000000
-0.00226124894209112 0.00922163137397784 0.01901455831138381 0.02935622249157623
 0.03959494928184113 0.04980067468656377 0.06011394943618220 0.07070722630673849
 0.08120232346359385 0.09172432791426266 0.10216650026335898 0.11257268956487339
 0.12305475339163763 0.13341725624278167 0.14384593952157987 0.15401415700178014
 0.16437093829007016 0.17469124888595861 0.18490629142122400 0.19517154901280398
 0.20557879163965828 0.21606201070966846 0.22669753427529088 0.23726308912498087
 0.24794433801140750 0.25867758530548757 0.26944120585288706 0.28016862074103133
 0.29075361217825152 0.30134355961608300 0.31175615984304267 0.32219321477828061
 0.33280893914935267 0.34351730037535400 0.35429599293931430 0.36479725804719965
 0.37535067738473765 0.38603234808905668 0.39663727663112314 0.40663779936884281
 0.41653477380296949 0.42681190372570604 0.43723983906290143 0.44748923243715488
 0.45772780947757141 0.46826843430509013 0.47911701286840802 0.48986103342367970
 0.50068050840287215 0.51165538709307345 0.52263277772841499 0.53347906936126277
 0.54419110166808227 0.55487532244757876 0.56553774781924704 0.57626631068226408
 0.58679983285735182 0.59741283302025827 0.60816635815902997 0.61928137874422595
 0.63007707583049788 0.64061675280916863 0.65103898766776025 0.66143418964675726
 0.67189077004104814 0.68205178107453146 0.69212697480768892 0.70236541663596053
 0.71274165435348125 0.72370187875518710 0.73452940618574336 0.74535151046312276
 0.75588293003085427 0.76618776428568847 0.77673745061944877 0.78737561252437849
 0.79811344379294769 0.80881664082898386 0.81957204257530369 0.83034707815304076
 0.84113171959452182 0.85193125162144423 0.86257522501353523 0.87311494954383595
 0.88354799045542176 0.89385278269170076 0.90404028764990685 0.91434220753545148
 0.92475256412258566 0.93538956302955212 0.94615289285524906 0.95707054034238104
 0.96803509686618228 0.97850611660016062 0.98913678581822206 1.00000000000000000
-0.00216772723728463 0.01565460499202323 0.03069485346946170 0.04476936628282904
 0.05782635958787363 0.07040075682670821 0.08243361235742107 0.09415568426588664
 0.10558022249862743 0.11681154157917766 0.12779187796796099 0.13853067200338112
 0.14903937994033026 0.15943384905226168 0.16969005344646118 0.17981860576217620
 0.18965535166151126 0.19920073018931489 0.20867175842076227 0.21799720742461587
 0.22722861870339911 0.23634973238923346 0.24546763471981642 0.25465142868437607
 0.26391648888021541 0.27294736856861812 0.28187088841445618 0.29072136640640467
 0.29975362936549921 0.30875165600532800 0.31765428837377363 0.32644062053732548
 0.33507492318280513 0.34358115049443899 0.35202242505648429 0.36035478615999211
 0.36866709700077438 0.37697218659496801 0.38527037527712527 0.39356427003945632
 0.40173533554440971 0.40977086842130500 0.41781197446031337 0.42593955524857008
 0.43406550288826834 0.44215842181774967 0.45013790405498200 0.45809498130231929
 0.46618578138328448 0.47440013552948601 0.48264670576151492 0.49089606208260905
 0.49923987518953572 0.50749059773244398 0.51582686116169274 0.52410461371048644
 0.53229685020389605 0.54042013689466739 0.54851152875890763 0.55665097398448404
 0.56485174995151610 0.57300519249526016 0.58108864615804634 0.58917834020162652
 0.59730451655293537 0.60547875835868792 0.61366411141253685 0.62197997831191554
 0.63054204340353637 0.63927715431439169 0.64804993200795580 0.65684499604143720
 0.66566303581569086 0.67453961566715059 0.68354115248000624 0.69278483854033612
 0.70230296325640695 0.71194777018219590 0.72172087036862609 0.73148010836517008
 0.74136751119390432 0.75156436211373812 0.76215292596276873 0.77305426234462238
 0.78424302962951409 0.79574351701159063 0.80747640068263926 0.81938408922898331
 0.83177741766850000 0.84508618850537387 0.85973362731969760 0.87563018682624116
 0.89398605526153840 0.91555720461939660 0.94283610936023843 1.00000000000000000
-0.01990122469517501 0.11776471243860601 0.15556025078539271 0.17945308521986139
 0.19825220954894010 0.21415337912904900 0.22796018675806048 0.24024082986391981
 0.25176999468096167 0.26215723157503795 0.27210173479329763 0.28131906488947422
 0.29018943821860355 0.29861326508665514 0.30665184560039815 0.31432421270009053
 0.32178246740503197 0.32913757505810926 0.33621678765600704 0.34302292293632652
 0.34965163388309345 0.35602445766670299 0.36217082482672397 0.36827052184288855
 0.37435211390655398 0.38028916491188464 0.38608689535575452 0.39176945553694470
 0.39742227245426620 0.40307669799822732 0.40868929437768298 0.41427135684169358
 0.41977554391667765 0.42517111770147997 0.43057054829899322 0.43584672355070803
 0.44100823661513888 0.44615688944509591 0.45133413423787772 0.45654547755968128
 0.46168633273896276 0.46676441942314179 0.47183096243153194 0.47688493668230753
 0.48193648201660261 0.48696570883107976 0.49197413019672787 0.49699503723310562
 0.50206523810688408 0.50718583827127472 0.51231827440227706 0.51741481357494878
 0.52247242208981548 0.52749997246361324 0.53253812828115488 0.53762802196185622
 0.54276076324091205 0.54791720475949890 0.55308578674318432 0.55824967637583778
 0.56343690168255411 0.56871696953952455 0.57398689329885688 0.57932901747879528
 0.58479775113615862 0.59036502215763331 0.59597167940423201 0.60161671277368944
 0.60732646325104134 0.61311188822644147 0.61898609664287874 0.62495287697570456
 0.63104856763714323 0.63721454586246207 0.64342355825367004 0.64975594277502691
 0.65626867442148051 0.66290279894635240 0.66974994336499805 0.67693503568348645
 0.68418334779116208 0.69188835184854569 0.70003943067927810 0.70844443045452477
 0.71735207181595695 0.72660856316889266 0.73654356354782602 0.74703409968170542
 0.75821357617243346 0.77032367244573319 0.78405268659706928 0.79967000350104833
 0.81839774401176368 0.84242884241761595 0.87905704539359197 1.00000000000000000
-0.97916666666666663-0.95833333333333337-0.93750000000000000-0.91666666666666663
-0.89583333333333337-0.87500000000000000-0.85416666666666663-0.83333333333333337
-0.81250000000000000-0.79166666666666663-0.77083333333333337-0.75000000000000000
-0.72916666666666663-0.70833333333333337-0.68750000000000000-0.66666666666666663
-0.64583333333333337-0.62500000000000000-0.60416666666666663-0.58333333333333337
-0.56250000000000000-0.54166666666666663-0.52083333333333337-0.50000000000000000
-0.47916666666666669-0.45833333333333331-0.43750000000000000-0.41666666666666669
-0.39583333333333331-0.37500000000000000-0.35416666666666669-0.33333333333333331
-0.31250000000000000-0.29166666666666669-0.27083333333333331-0.25000000000000000
-0.22916666666666666-0.20833333333333334-0.18750000000000000-0.16666666666666666
-0.14583333333333334-0.12500000000000000-0.10416666666666667-0.08333333333333333
-0.06250000000000000-0.04166666666666666-0.02083333333333333 0.00000000000000000
 0.02083333333333333 0.04166666666666666 0.06250000000000000 0.08333333333333333
 0.10416666666666667 0.12500000000000000 0.14583333333333334 0.16666666666666666
 0.18750000000000000 0.20833333333333334 0.22916666666666666 0.25000000000000000
 0.27083333333333331 0.29166666666666669 0.31250000000000000 0.33333333333333331
 0.35416666666666669 0.37500000000000000 0.39583333333333331 0.41666666666666669
 0.43750000000000000 0.45833333333333331 0.47916666666666669 0.50000000000000000
 0.52083333333333337 0.54166666666666663 0.56250000000000000 0.58333333333333337
 0.60416666666666663 0.62500000000000000 0.64583333333333337 0.66666666666666663
 0.68750000000000000 0.70833333333333337 0.72916666666666663 0.75000000000000000
 0.77083333333333337 0.79166666666666663 0.81250000000000000 0.83333333333333337
 0.85416666666666663 0.87500000000000000 0.89583333333333337 0.91666666666666663
 0.93750000000000000 0.95833333333333337 0.97916666666666663 1.00000000000000000
-0.97916666666666663-0.95833333333333337-0.93750000000000000-0.91666666666666663
-0.89583333333333337-0.87500000000000000-0.85416666666666663-0.83333333333333337
-0.81250000000000000-0.79166666666666663-0.77083333333333337-0.75000000000000000
-0.72916666666666663-0.70833333333333337-0.68750000000000000-0.66666666666666663
-0.64583333333333337-0.62500000000000000-0.60416666666666663-0.58333333333333337
-0.56250000000000000-0.54166666666666663-0.52083333333333337-0.50000000000000000
-0.47916666666666669-0.45833333333333331-0.43750000000000000-0.41666666666666669
-0.39583333333333331-0.37500000000000000-0.35416666666666669-0.33333333333333331
-0.31250000000000000-0.29166666666666669-0.27083333333333331-0.25000000000000000
-0.22916666666666666-0.20833333333333334-0.18750000000000000-0.16666666666666666
-0.14583333333333334-0.12500000000000000-0.10416666666666667-0.08333333333333333
-0.06250000000000000-0.04166666666666666-0.02083333333333333 0.00000000000000000
 0.02083333333333333 0.04166666666666666 0.06250000000000000 0.08333333333333333
 0.10416666666666667 0.12500000000000000 0.14583333333333334 0.16666666666666666
 0.18750000000000000 0.20833333333333334 0.22916666666666666 0.25000000000000000
 0.27083333333333331 0.29166666666666669 0.31250000000000000 0.33333333333333331
 0.35416666666666669 0.37500000000000000 0.39583333333333331 0.41666666666666669
 0.43750000000000000 0.45833333333333331 0.47916666666666669 0.50000000000000000
 0.52083333333333337 0.54166666666666663 0.56250000000000000 0.58333333333333337
 0.60416666666666663 0.62500000000000000 0.64583333333333337 0.66666666666666663
 0.68750000000000000 0.70833333333333337 0.72916666666666663 0.75000000000000000
 0.77083333333333337 0.79166666666666663 0.81250000000000000 0.83333333333333337
 0.85416666666666663 0.87500000000000000 0.89583333333333337 0.91666666666666663
 0.93750000000000000 0.95833333333333337 0.97916666666666663 1.00000000000000000
-0.97916666666666663-0.95833333333333337-0.93750000000000000-0.91666666666666663
-0.89583333333333337-0.87500000000000000-0.85416666666666663-0.83333333333333337
-0.81250000000000000-0.79166666666666663-0.77083333333333337-0.75000000000000000
-0.72916666666666663-0.70833333333333337-0.68750000000000000-0.66666666666666663
-0.64583333333333337-0.62500000000000000-0.60416666666666663-0.58333333333333337
-0.56250000000000000-0.54166666666666663-0.52083333333333337-0.50000000000000000
-0.47916666666666669-0.45833333333333331-0.43750000000000000-0.41666666666666669
-0.39583333333333331-0.37500000000000000-0.35416666666666669-0.33333333333333331
-0.31250000000000000-0.29166666666666669-0.27083333333333331-0.25000000000000000
-0.22916666666666666-0.20833333333333334-0.18750000000000000-0.16666666666666666
-0.14583333333333334-0.12500000000000000-0.10416666666666667-0.08333333333333333
-0.06250000000000000-0.04166666666666666-0.02083333333333333 0.00000000000000000
 0.02083333333333333 0.04166666666666666 0.06250000000000000 0.08333333333333333
 0.10416666666666667 0.12500000000000000 0.14583333333333334 0.16666666666666666
 0.18750000000000000 0.20833333333333334 0.22916666666666666 0.25000000000000000
 0.27083333333333331 0.29166666666666669 0.31250000000000000 0.33333333333333331
 0.35416666666666669 0.37500000000000000 0.39583333333333331 0.41666666666666669
 0.43750000000000000 0.45833333333333331 0.47916666666666669 0.50000000000000000
 0.52083333333333337 0.54166666666666663 0.56250000000000000 0.58333333333333337
 0.60416666666666663 0.62500000000000000 0.64583333333333337 0.66666666666666663
 0.68750000000000000 0.70833333333333337 0.72916666666666663 0.75000000000000000
 0.77083333333333337 0.79166666666666663 0.81250000000000000 0.83333333333333337
 0.85416666666666663 0.87500000000000000 0.89583333333333337 0.91666666666666663
 0.93750000000000000 0.95833333333333337 0.97916666666666663 1.00000000000000000
-0.97916666666666663-0.95833333333333337-0.93750000000000000-0.91666666666666663
-0.89583333333333337-0.87500000000000000-0.85416666666666663-0.83333333333333337
-0.81250000000000000-0.79166666666666663-0.77083333333333337-0.75000000000000000
-0.72916666666666663-0.70833333333333337-0.68750000000000000-0.66666666666666663
-0.64583333333333337-0.62500000000000000-0.60416666666666663-0.58333333333333337
-0.56250000000000000-0.54166666666666663-0.52083333333333337-0.50000000000000000
-0.47916666666666669-0.45833333333333331-0.43750000000000000-0.41666666666666669
-0.39583333333333331-0.37500000000000000-0.35416666666666669-0.33333333333333331
-0.31250000000000000-0.29166666666666669-0.27083333333333331-0.25000000000000000
-0.22916666666666666-0.20833333333333334-0.18750000000000000-0.16666666666666666
-0.14583333333333334-0.12500000000000000-0.10416666666666667-0.08333333333333333
-0.06250000000000000-0.04166666666666666-0.02083333333333333 0.00000000000000000
 0.02083333333333333 0.04166666666666666 0.06250000000000000 0.08333333333333333
 0.10416666666666667 0.12500000000000000 0.14583333333333334 0.16666666666666666
 0.18750000000000000 0.20833333333333334 0.22916666666666666 0.25000000000000000
 0.27083333333333331 0.29166666666666669 0.31250000000000000 0.33333333333333331
 0.35416666666666669 0.37500000000000000 0.39583333333333331 0.41666666666666669
 0.43750000000000000 0.45833333333333331 0.47916666666666669 0.50000000000000000
 0.52083333333333337 0.54166666666666663 0.56250000000000000 0.58333333333333337
 0.60416666666666663 0.62500000000000000 0.64583333333333337 0.66666666666666663
 0.68750000000000000 0.70833333333333337 0.72916666666666663 0.75000000000000000
 0.77083333333333337 0.79166666666666663 0.81250000000000000 0.83333333333333337
 0.85416666666666663 0.87500000000000000 0.89583333333333337 0.91666666666666663
 0.93750000000000000 0.95833333333333337 0.97916666666666663 1.00000000000000000
-0.97916666666666663-0.95833333333333337-0.93750000000000000-0.91666666666666663
-0.89583333333333337-0.87500000000000000-0.85416666666666663-0.83333333333333337
-0.81250000000000000-0.79166666666666663-0.77083333333333337-0.75000000000000000
-0.72916666666666663-0.70833333333333337-0.68750000000000000-0.66666666666666663
-0.64583333333333337-0.62500000000000000-0.60416666666666663-0.58333333333333337
-0.56250000000000000-0.54166666666666663-0.52083333333333337-0.50000000000000000
-0.47916666666666669-0.45833333333333331-0.43750000000000000-0.41666666666666669
-0.39583333333333331-0.37500000000000000-0.35416666666666669-0.33333333333333331
-0.31250000000000000-0.29166666666666669-0.27083333333333331-0.25000000000000000
-0.22916666666666666-0.20833333333333334-0.18750000000000000-0.16666666666666666
-0.14583333333333334-0.12500000000000000-0.10416666666666667-0.08333333333333333
-0.06250000000000000-0.04166666666666666-0.02083333333333333 0.00000000000000000
 0.02083333333333333 0.04166666666666666 0.06250000000000000 0.08333333333333333
 0.10416666666666667 0.12500000000000000 0.14583333333333334 0.16666666666666666
 0.18750000000000000 0.20833333333333334 0.22916666666666666 0.25000000000000000
 0.27083333333333331 0.29166666666666669 0.31250000000000000 0.33333333333333331
 0.35416666666666669 0.37500000000000000 0.39583333333333331 0.41666666666666669
 0.43750000000000000 0.45833333333333331 0.47916666666666669 0.50000000000000000
 0.52083333333333337 0.54166666666666663 0.56250000000000000 0.58333333333333337
 0.60416666666666663 0.62500000000000000 0.64583333333333337 0.66666666666666663
 0.68750000000000000 0.70833333333333337 0.72916666666666663 0.75000000000000000
 0.77083333333333337 0.79166666666666663 0.81250000000000000 0.83333333333333337
 0.85416666666666663 0.87500000000000000 0.89583333333333337 0.91666666666666663
 0.93750000000000000 0.95833333333333337 0.97916666666666663 1.00000000000000000
-0.97916666666666663-0.95833333333333337-0.93750000000000000-0.91666666666666663
-0.89583333333333337-0.87500000000000000-0.85416666666666663-0.83333333333333337
-0.81250000000000000-0.79166666666666663-0.77083333333333337-0.75000000000000000
-0.72916666666666663-0.70833333333333337-0.68750000000000000-0.66666666666666663
-0.64583333333333337-0.62500000000000000-0.60416666666666663-0.58333333333333337
-0.56250000000000000-0.54166666666666663-0.52083333333333337-0.50000000000000000
-0.47916666666666669-0.45833333333333331-0.43750000000000000-0.41666666666666669
-0.39583333333333331-0.37500000000000000-0.35416666666666669-0.33333333333333331
-0.31250000000000000-0.29166666666666669-0.27083333333333331-0.25000000000000000
-0.22916666666666666-0.20833333333333334-0.18750000000000000-0.16666666666666666
-0.14583333333333334-0.12500000000000000-0.10416666666666667-0.08333333333333333
-0.06250000000000000-0.04166666666666666-0.02083333333333333 0.00000000000000000
 0.02083333333333333 0.04166666666666666 0.06250000000000000 0.08333333333333333
 0.10416666666666667 0.12500000000000000 0.14583333333333334 0.16666666666666666
 0.18750000000000000 0.20833333333333334 0.22916666666666666 0.25000000000000000
 0.27083333333333331 0.29166666666666669 0.31250000000000000 0.33333333333333331
 0.35416666666666669 0.37500000000000000 0.39583333333333331 0.41666666666666669
 0.43750000000000000 0.45833333333333331 0.47916666666666669 0.50000000000000000
 0.52083333333333337 0.54166666666666663 0.56250000000000000 0.58333333333333337
 0.60416666666666663 0.62500000000000000 0.64583333333333337 0.66666666666666663
 0.68750000000000000 0.70833333333333337 0.72916666666666663 0.75000000000000000
 0.77083333333333337 0.79166666666666663 0.81250000000000000 0.83333333333333337
 0.85416666666666663 0.87500000000000000 0.89583333333333337 0.91666666666666663
 0.93750000000000000 0.95833333333333337 0.97916666666666663 1.00000000000000000
-0.97916666666666663-0.95833333333333337-0.93750000000000000-0.91666666666666663
-0.89583333333333337-0.87500000000000000-0.85416666666666663-0.83333333333333337
-0.81250000000000000-0.79166666666666663-0.77083333333333337-0.75000000000000000
-0.72916666666666663-0.70833333333333337-0.68750000000000000-0.66666666666666663
-0.64583333333333337-0.62500000000000000-0.60416666666666663-0.58333333333333337
-0.56250000000000000-0.54166666666666663-0.52083333333333337-0.50000000000000000
-0.47916666666666669-0.45833333333333331-0.43750000000000000-0.41666666666666669
-0.39583333333333331-0.37500000000000000-0.35416666666666669-0.33333333333333331
-0.31250000000000000-0.29166666666666669-0.27083333333333331-0.25000000000000000
-0.22916666666666666-0.20833333333333334-0.18750000000000000-0.16666666666666666
-0.14583333333333334-0.12500000000000000-0.10416666666666667-0.08333333333333333
-0.06250000000000000-0.04166666666666666-0.02083333333333333 0.00000000000000000
 0.02083333333333333 0.04166666666666666 0.06250000000000000 0.08333333333333333
 0.10416666666666667 0.12500000000000000 0.14583333333333334 0.16666666666666666
 0.18750000000000000 0.20833333333333334 0.22916666666666666 0.25000000000000000
 0.27083333333333331 0.29166666666666669 0.31250000000000000 0.33333333333333331
 0.35416666666666669 0.37500000000000000 0.39583333333333331 0.41666666666666669
 0.43750000000000000 0.45833333333333331 0.47916666666666669 0.50000000000000000
 0.52083333333333337 0.54166666666666663 0.56250000000000000 0.58333333333333337
 0.60416666666666663 0.62500000000000000 0.64583333333333337 0.66666666666666663
 0.68750000000000000 0.70833333333333337 0.72916666666666663 0.75000000000000000
 0.77083333333333337 0.79166666666666663 0.81250000000000000 0.83333333333333337
 0.85416666666666663 0.87500000000000000 0.89583333333333337 0.91666666666666663
 0.93750000000000000 0.95833333333333337 0.97916666666666663 1.00000000000000000
-0.97916666666666663-0.95833333333333337-0.93750000000000000-0.91666666666666663
-0.89583333333333337-0.87500000000000000-0.85416666666666663-0.83333333333333337
-0.81250000000000000-0.79166666666666663-0.77083333333333337-0.75000000000000000
-0.72916666666666663-0.70833333333333337-0.68750000000000000-0.66666666666666663
-0.64583333333333337-0.62500000000000000-0.60416666666666663-0.58333333333333337
-0.56250000000000000-0.54166666666666663-0.52083333333333337-0.50000000000000000
-0.47916666666666669-0.45833333333333331-0.43750000000000000-0.41666666666666669
-0.39583333333333331-0.37500000000000000-0.35416666666666669-0.33333333333333331
-0.31250000000000000-0.29166666666666669-0.27083333333333331-0.25000000000000000
-0.22916666666666666-0.20833333333333334-0.18750000000000000-0.16666666666666666
-0.14583333333333334-0.12500000000000000-0.10416666666666667-0.08333333333333333
-0.06250000000000000-0.04166666666666666-0.02083333333333333 0.00000000000000000
 0.02083333333333333 0.04166666666666666 0.06250000000000000 0.08333333333333333
 0.10416666666666667 0.12500000000000000 0.14583333333333334 0.16666666666666666
 0.18750000000000000 0.20833333333333334 0.22916666666666666 0.25000000000000000
 0.27083333333333331 0.29166666666666669 0.31250000000000000 0.33333333333333331
 0.35416666666666669 0.37500000000000000 0.39583333333333331 0.41666666666666669
 0.43750000000000000 0.45833333333333331 0.47916666666666669 0.50000000000000000
 0.52083333333333337 0.54166666666666663 0.56250000000000000 0.58333333333333337
 0.60416666666666663 0.62500000000000000 0.64583333333333337 0.66666666666666663
 0.68750000000000000 0.70833333333333337 0.72916666666666663 0.75000000000000000
 0.77083333333333337 0.79166666666666663 0.81250000000000000 0.83333333333333337
 0.85416666666666663 0.87500000000000000 0.89583333333333337 0.91666666666666663
 0.93750000000000000 0.95833333333333337 0.97916666666666663 1.00000000000000000
-0.97916666666666663-0.95833333333333337-0.93750000000000000-0.91666666666666663
-0.89583333333333337-0.87500000000000000-0.85416666666666663-0.83333333333333337
-0.81250000000000000-0.79166666666666663-0.77083333333333337-0.75000000000000000
-0.72916666666666663-0.70833333333333337-0.68750000000000000-0.66666666666666663
-0.64583333333333337-0.62500000000000000-0.60416666666666663-0.58333333333333337
-0.56250000000000000-0.54166666666666663-0.52083333333333337-0.50000000000000000
-0.47916666666666669-0.45833333333333331-0.43750000000000000-0.41666666666666669
-0.39583333333333331-0.37500000000000000-0.35416666666666669-0.33333333333333331
-0.31250000000000000-0.29166666666666669-0.27083333333333331-0.25000000000000000
-0.22916666666666666-0.20833333333333334-0.18750000000000000-0.16666666666666666
-0.14583333333333334-0.12500000000000000-0.10416666666666667-0.08333333333333333
-0.06250000000000000-0.04166666666666666-0.02083333333333333 0.00000000000000000
 0.02083333333333333 0.04166666666666666 0.06250000000000000 0.08333333333333333
 0.10416666666666667 0.12500000000000000 0.14583333333333334 0.16666666666666666
 0.18750000000000000 0.20833333333333334 0.22916666666666666 0.25000000000000000
 0.27083333333333331 0.29166666666666669 0.31250000000000000 0.33333333333333331
 0.35416666666666669 0.37500000000000000 0.39583333333333331 0.41666666666666669
 0.43750000000000000 0.45833333333333331 0.47916666666666669 0.50000000000000000
 0.52083333333333337 0.54166666666666663 0.56250000000000000 0.58333333333333337
 0.60416666666666663 0.62500000000000000 0.64583333333333337 0.66666666666666663
 0.68750000000000000 0.70833333333333337 0.72916666666666663 0.75000000000000000
 0.77083333333333337 0.79166666666666663 0.81250000000000000 0.83333333333333337
 0.85416666666666663 0.87500000000000000 0.89583333333333337 0.91666666666666663
 0.93750000000000000 0.95833333333333337 0.97916666666666663 1.00000000000000000
-0.97916666666666663-0.95833333333333337-0.93750000000000000-0.91666666666666663
-0.89583333333333337-0.87500000000000000-0.85416666666666663-0.83333333333333337
-0.81250000000000000-0.79166666666666663-0.77083333333333337-0.75000000000000000
-0.72916666666666663-0.70833333333333337-0.68750000000000000-0.66666666666666663
-0.64583333333333337-0.62500000000000000-0.60416666666666663-0.58333333333333337
-0.56250000000000000-0.54166666666666663-0.52083333333333337-0.50000000000000000
-0.47916666666666669-0.45833333333333331-0.43750000000000000-0.41666666666666669
-0.39583333333333331-0.37500000000000000-0.35416666666666669-0.33333333333333331
-0.31250000000000000-0.29166666666666669-0.27083333333333331-0.25000000000000000
-0.22916666666666666-0.20833333333333334-0.18750000000000000-0.16666666666666666
-0.14583333333333334-0.12500000000000000-0.10416666666666667-0.08333333333333333
-0.06250000000000000-0.04166666666666666-0.02083333333333333 0.00000000000000000
 0.02083333333333333 0.04166666666666666 0.06250000000000000 0.08333333333333333
 0.10416666666666667 0.12500000000000000 0.14583333333333334 0.16666666666666666
 0.18750000000000000 0.20833333333333334 0.22916666666666666 0.25000000000000000
 0.27083333333333331 0.29166666666666669 0.31250000000000000 0.33333333333333331
 0.35416666666666669 0.37500000000000000 0.39583333333333331 0.41666666666666669
 0.43750000000000000 0.45833333333333331 0.47916666666666669 0.50000000000000000
 0.52083333333333337 0.54166666666666663 0.56250000000000000 0.58333333333333337
 0.60416666666666663 0.62500000000000000 0.64583333333333337 0.66666666666666663
 0.68750000000000000 0.70833333333333337 0.72916666666666663 0.75000000000000000
 0.77083333333333337 0.79166666666666663 0.81250000000000000 0.83333333333333337
 0.85416666666666663 0.87500000000000000 0.89583333333333337 0.91666666666666663
 0.93750000000000000 0.95833333333333337 0.97916666666666663 1.00000000000000000
-0.97916666666666663-0.95833333333333337-0.93750000000000000-0.91666666666666663
-0.89583333333333337-0.87500000000000000-0.85416666666666663-0.83333333333333337
-0.81250000000000000-0.79166666666666663-0.77083333333333337-0.75000000000000000
-0.72916666666666663-0.70833333333333337-0.68750000000000000-0.66666666666666663
-0.64583333333333337-0.62500000000000000-0.60416666666666663-0.58333333333333337
-0.56250000000000000-0.54166666666666663-0.52083333333333337-0.50000000000000000
-0.47916666666666669-0.45833333333333331-0.43750000000000000-0.41666666666666669
-0.39583333333333331-0.37500000000000000-0.35416666666666669-0.33333333333333331
-0.31250000000000000-0.29166666666666669-0.27083333333333331-0.25000000000000000
-0.22916666666666666-0.20833333333333334-0.18750000000000000-0.16666666666666666
-0.14583333333333334-0.12500000000000000-0.10416666666666667-0.08333333333333333
-0.06250000000000000-0.04166666666666666-0.02083333333333333 0.00000000000000000
 0.02083333333333333 0.04166666666666666 0.06250000000000000 0.08333333333333333
 0.10416666666666667 0.12500000000000000 0.14583333333333334 0.16666666666666666
 0.18750000000000000 0.20833333333333334 0.22916666666666666 0.25000000000000000
 0.27083333333333331 0.29166666666666669 0.31250000000000000 0.33333333333333331
 0.35416666666666669 0.37500000000000000 0.39583333333333331 0.41666666666666669
 0.43750000000000000 0.45833333333333331 0.47916666666666669 0.50000000000000000
 0.52083333333333337 0.54166666666666663 0.56250000000000000 0.58333333333333337
 0.60416666666666663 0.62500000000000000 0.64583333333333337 0.66666666666666663
 0.68750000000000000 0.70833333333333337 0.72916666666666663 0.75000000000000000
 0.77083333333333337 0.79166666666666663 0.81250000000000000 0.83333333333333337
 0.85416666666666663 0.87500000000000000 0.89583333333333337 0.91666666666666663
 0.93750000000000000 0.95833333333333337 0.97916666666666663 1.00000000000000000
-0.97916666666666663-0.95833333333333337-0.93750000000000000-0.91666666666666663
-0.89583333333333337-0.87500000000000000-0.85416666666666663-0.83333333333333337
-0.81250000000000000-0.79166666666666663-0.77083333333333337-0.75000000000000000
-0.72916666666666663-0.70833333333333337-0.68750000000000000-0.66666666666666663
-0.64583333333333337-0.62500000000000000-0.60416666666666663-0.58333333333333337
-0.56250000000000000-0.54166666666666663-0.52083333333333337-0.50000000000000000
-0.47916666666666669-0.45833333333333331-0.43750000000000000-0.41666666666666669
-0.39583333333333331-0.37500000000000000-0.35416666666666669-0.33333333333333331
-0.31250000000000000-0.29166666666666669-0.27083333333333331-0.25000000000000000
-0.22916666666666666-0.20833333333333334-0.18750000000000000-0.16666666666666666
-0.14583333333333334-0.12500000000000000-0.10416666666666667-0.08333333333333333
-0.06250000000000000-0.04166666666666666-0.02083333333333333 0.00000000000000000
 0.02083333333333333 0.04166666666666666 0.06250000000000000 0.08333333333333333
 0.10416666666666667 0.12500000000000000 0.14583333333333334 0.16666666666666666
 0.18750000000000000 0.20833333333333334 0.22916666666666666 0.25000000000000000
 0.27083333333333331 0.29166666666666669 0.31250000000000000 0.33333333333333331
 0.35416666666666669 0.37500000000000000 0.39583333333333331 0.41666666666666669
 0.43750000000000000 0.45833333333333331 0.47916666666666669 0.50000000000000000
 0.52083333333333337 0.54166666666666663 0.56250000000000000 0.58333333333333337
 0.60416666666666663 0.62500000000000000 0.64583333333333337 0.66666666666666663
 0.68750000000000000 0.70833333333333337 0.72916666666666663 0.75000000000000000
 0.77083333333333337 0.79166666666666663 0.81250000000000000 0.83333333333333337
 0.85416666666666663 0.87500000000000000 0.89583333333333337 0.91666666666666663
 0.93750000000000000 0.95833333333333337 0.97916666666666663 1.00000000000000000
 1.00000000000000000 0.00000000000000000 0.00000000000000000 0.00000000000000000
 0.00000000000000000 0.00000000000000000 0.00000000000000000 0.00000000000000000
 0.00000000000000000 0.00000000000000000
