 0.01317911653215738 0.01499356508105237 0.01822974570153494 0.02156318055338476
 0.02573400375304955 0.03042367164920205 0.03489301000023081 0.03937800237489595
 0.04397788579567209 0.04866603893703190 0.05337456741168262 0.05807321822607726
 0.06280276952968140 0.06761773123098805 0.07246936745395578 0.07738501814163039
 0.08231021241160236 0.08724501613998739 0.09216740749850068 0.09711047054845641
 0.10209236263961889 0.10713346275597202 0.11225041568344789 0.11741896713476799
 0.12260825919865626 0.12784856813806647 0.13314501770523382 0.13850706064523477
 0.14393144572142458 0.14940775003502479 0.15495478467013590 0.16053447213403721
 0.16616679142918700 0.17188628095385505 0.17764800662424576 0.18343191848270238
 0.18930327458725146 0.19530158427473032 0.20134645695776754 0.20740654390223401
 0.21351207113651155 0.21968040128066046 0.22593124173466966 0.23227926023586784
 0.23870510076477672 0.24519111762976392 0.25175570029771738 0.25839091579012563
 0.26506264248091527 0.27182292095720684 0.27871206097181167 0.28566292092808543
 0.29272967423147589 0.29987884284627525 0.30709368467940168 0.31440811416916364
 0.32187884897015007 0.32945127573320920 0.33715214830888274 0.34505175709235275
 0.35297325826947668 0.36110051803898419 0.36929416577567536 0.37767388665177554
 0.38625932818607939 0.39497796720856870 0.40399338277628821 0.41313612017764884
 0.42254911315094179 0.43209613168713701 0.44190790096408256 0.45198010563166430
 0.46229665769398193 0.47277116935109159 0.48356741369037853 0.49466933234638549
 0.50613576964560814 0.51792598703588955 0.53006779126282622 0.54253425855594717
 0.55543967958460128 0.56896153009351369 0.58324937646012787 0.59828093552879480
 0.61405892224026104 0.63059319451991558 0.64802304457232851 0.66688469855295995
 0.68708303270655335 0.70911547430498556 0.73326518877613411 0.76057453872138847
 0.79289398351035978 0.83212160739560503 0.88641289554410796 1.00000000000000000
-0.00242482145549975 0.00976542490242028 0.01981992163084291 0.03044511693765573
 0.04106162649179942 0.05173307636963347 0.06218802373012282 0.07268928630066104
 0.08298977290496153 0.09333849959945849 0.10366816396102362 0.11434650103076981
 0.12514070948566244 0.13589880894766476 0.14637337393089836 0.15680378082691729
 0.16725090540041632 0.17794277084417950 0.18866545876892427 0.19938635598945884
 0.21019719975123727 0.22089083233121873 0.23141462073395866 0.24163988599256986
 0.25186848630431874 0.26229093540388015 0.27284753276623464 0.28344697575569777
 0.29407336005612522 0.30452712845536511 0.31494632419493773 0.32536959803878773
 0.33580867309558360 0.34602142187579032 0.35638320976611809 0.36684255280801442
 0.37733940634641733 0.38760667477686306 0.39800903240673480 0.40862699540965364
 0.41894478533866247 0.42910905743091915 0.43929360545092577 0.44988462101980475
 0.46069337132143140 0.47162385925313194 0.48256211194010962 0.49340851493448640
 0.50421448702972493 0.51502512079386553 0.52554943215837213 0.53573647527537527
 0.54595292463181555 0.55622002448437746 0.56669472148506672 0.57711112575445822
 0.58760553401778592 0.59808946298115817 0.60863277919637937 0.61931908408805902
 0.62988302104303140 0.64053376479003710 0.65100961059399487 0.66148106814603691
 0.67190367637526294 0.68230265184959882 0.69267369727862693 0.70284298227825370
 0.71310396152383815 0.72354822760128146 0.73400545555370789 0.74448010734349146
 0.75496920867499928 0.76561379767812543 0.77613483915148118 0.78680036688591215
 0.79757402638349839 0.80833185299340915 0.81900084996894684 0.82945722188798454
 0.83984286719664691 0.85018677742710003 0.86083084791755726 0.87172974954160309
 0.88283407633957511 0.89390476121249896 0.90474778425471281 0.91554268032459141
 0.92645012222620393 0.93746356104130191 0.94796675613225323 0.95861822054829060
 0.96922760595335222 0.97970602633308801 0.98967581815347483 1.00000000000000000
-0.00097700362698334 0.00730999536471333 0.01533344268052041 0.02412068740739826
 0.03330953285013501 0.04284625322518037 0.05281788466552253 0.06301078315291425
 0.07329848990552464 0.08353871992711220 0.09369623772512506 0.10389103080399729
 0.11422014947574523 0.12477118621120503 0.13543242369723740 0.14601148081957574
 0.15663288061092320 0.16718628645007605 0.17775474541284139 0.18830546438312282
 0.19885747346376517 0.20936638530504667 0.21976589540000624 0.23019090027185263
 0.24055092346843973 0.25083801233476916 0.26106546577466216 0.27131455816542194
 0.28156534567021185 0.29183641854818493 0.30216683652519505 0.31267047136253090
 0.32335386924498377 0.33415937552212049 0.34495604070062280 0.35570451059892594
 0.36638614630024907 0.37695365242951140 0.38747049831288727 0.39803732226099464
 0.40861593375276256 0.41922489012534131 0.42982045714897932 0.44040349688044889
 0.45090702945943156 0.46135051663254306 0.47175713018085974 0.48219646934499338
 0.49268294600189322 0.50307304487426063 0.51328670725733017 0.52346318934014435
 0.53373769227935475 0.54395245174247653 0.55402022847607435 0.56414721690318148
 0.57461950530921135 0.58529019943059435 0.59606589035267588 0.60694634256256086
 0.61799230937976901 0.62901281397704456 0.63987763789325836 0.65051005268856377
 0.66100312319253818 0.67144687216718979 0.68189528852527781 0.69229615913264597
 0.70270701824712811 0.71324575754087671 0.72384071210846324 0.73439615725259588
 0.74488510073881409 0.75542163991445455 0.76601520133811851 0.77665851251511198
 0.78733571814302228 0.79806522715017247 0.80884730877222022 0.81958705870746074
 0.83028445754988156 0.84103479395702185 0.85170232512308364 0.86205176958092478
 0.87218980827583437 0.88257968768967443 0.89344591124276440 0.90447859453823731
 0.91553276566642550 0.92672530163926936 0.93819884354076122 0.94972011437857229
 0.96139773384205873 0.97303809330571922 0.98552512093711231 1.00000000000000000
-0.00970209326558861 0.05599870858389251 0.08063014167892468 0.09699464226122065
 0.11021615120854170 0.12163869479093543 0.13214456918946171 0.14187708175664945
 0.15107549362470471 0.15971716623418808 0.16799015658800531 0.17592918706162194
 0.18370020783004612 0.19129005650487571 0.19868512720410167 0.20600337039787961
 0.21318414239017808 0.22019582174983332 0.22707373744985140 0.23387325310353763
 0.24063875546924743 0.24740705349006392 0.25415478875961339 0.26088227080726450
 0.26765360167194363 0.27439048555591000 0.28120458682846888 0.28798829353962896
 0.29468962103441471 0.30133684373297587 0.30801380240042353 0.31477917139011996
 0.32177426464537257 0.32884495968210803 0.33588555401262149 0.34287465895961483
 0.34982340925304650 0.35669626916203079 0.36353546751771593 0.37038809359211677
 0.37724347264224523 0.38414368121771780 0.39113878615480024 0.39820332331354524
 0.40528494535097870 0.41231440108498707 0.41939643973165952 0.42667308952254696
 0.43400033316332898 0.44139574614398008 0.44881020470586680 0.45625402970771495
 0.46376593887060469 0.47124579618959433 0.47872811231976042 0.48612601874176758
 0.49351915699054566 0.50096589766455679 0.50848245214978216 0.51601165568361973
 0.52352281334413819 0.53106349560749000 0.53858639304972356 0.54615762767196352
 0.55390565773161748 0.56164426587006400 0.56935663855120300 0.57708180011159727
 0.58480805278480996 0.59253694330928952 0.60031952406731237 0.60816032290572319
 0.61602745438506501 0.62398827439374149 0.63206571144996215 0.64033518376885279
 0.64852960150620809 0.65689977659588983 0.66522586478181023 0.67390685551105489
 0.68277006708846766 0.69187071863156879 0.70117200497721444 0.71070545303560984
 0.72045561443106743 0.73043623801435620 0.74078175154087034 0.75178573323880793
 0.76349236289283651 0.77618965981999333 0.78982956122073567 0.80547430745348625
 0.82382587150541564 0.84692824049517690 0.88006949265514911 1.00000000000000000
-0.97916666666666663-0.95833333333333337-0.93750000000000000-0.91666666666666663
-0.89583333333333337-0.87500000000000000-0.85416666666666663-0.83333333333333337
-0.81250000000000000-0.79166666666666663-0.77083333333333337-0.75000000000000000
-0.72916666666666674-0.70833333333333326-0.68750000000000000-0.66666666666666674
-0.64583333333333326-0.62500000000000000-0.60416666666666674-0.58333333333333326
-0.56250000000000000-0.54166666666666674-0.52083333333333326-0.50000000000000000
-0.47916666666666663-0.45833333333333337-0.43750000000000000-0.41666666666666663
-0.39583333333333337-0.37500000000000000-0.35416666666666663-0.33333333333333337
-0.31250000000000000-0.29166666666666663-0.27083333333333337-0.25000000000000000
-0.22916666666666663-0.20833333333333337-0.18750000000000000-0.16666666666666663
-0.14583333333333337-0.12500000000000000-0.10416666666666663-0.08333333333333337
-0.06250000000000000-0.04166666666666663-0.02083333333333337 0.00000000000000000
 0.02083333333333326 0.04166666666666674 0.06250000000000000 0.08333333333333326
 0.10416666666666674 0.12500000000000000 0.14583333333333326 0.16666666666666674
 0.18750000000000000 0.20833333333333326 0.22916666666666674 0.25000000000000000
 0.27083333333333326 0.29166666666666674 0.31250000000000000 0.33333333333333326
 0.35416666666666674 0.37500000000000000 0.39583333333333326 0.41666666666666674
 0.43750000000000000 0.45833333333333326 0.47916666666666674 0.50000000000000000
 0.52083333333333326 0.54166666666666674 0.56250000000000000 0.58333333333333326
 0.60416666666666674 0.62500000000000000 0.64583333333333326 0.66666666666666674
 0.68750000000000000 0.70833333333333326 0.72916666666666674 0.75000000000000000
 0.77083333333333326 0.79166666666666674 0.81250000000000000 0.83333333333333326
 0.85416666666666674 0.87500000000000000 0.89583333333333326 0.91666666666666674
 0.93750000000000000 0.95833333333333326 0.97916666666666674 1.00000000000000000
-0.97916666666666663-0.95833333333333337-0.93750000000000000-0.91666666666666663
-0.89583333333333337-0.87500000000000000-0.85416666666666663-0.83333333333333337
-0.81250000000000000-0.79166666666666663-0.77083333333333337-0.75000000000000000
-0.72916666666666674-0.70833333333333326-0.68750000000000000-0.66666666666666674
-0.64583333333333326-0.62500000000000000-0.60416666666666674-0.58333333333333326
-0.56250000000000000-0.54166666666666674-0.52083333333333326-0.50000000000000000
-0.47916666666666663-0.45833333333333337-0.43750000000000000-0.41666666666666663
-0.39583333333333337-0.37500000000000000-0.35416666666666663-0.33333333333333337
-0.31250000000000000-0.29166666666666663-0.27083333333333337-0.25000000000000000
-0.22916666666666663-0.20833333333333337-0.18750000000000000-0.16666666666666663
-0.14583333333333337-0.12500000000000000-0.10416666666666663-0.08333333333333337
-0.06250000000000000-0.04166666666666663-0.02083333333333337 0.00000000000000000
 0.02083333333333326 0.04166666666666674 0.06250000000000000 0.08333333333333326
 0.10416666666666674 0.12500000000000000 0.14583333333333326 0.16666666666666674
 0.18750000000000000 0.20833333333333326 0.22916666666666674 0.25000000000000000
 0.27083333333333326 0.29166666666666674 0.31250000000000000 0.33333333333333326
 0.35416666666666674 0.37500000000000000 0.39583333333333326 0.41666666666666674
 0.43750000000000000 0.45833333333333326 0.47916666666666674 0.50000000000000000
 0.52083333333333326 0.54166666666666674 0.56250000000000000 0.58333333333333326
 0.60416666666666674 0.62500000000000000 0.64583333333333326 0.66666666666666674
 0.68750000000000000 0.70833333333333326 0.72916666666666674 0.75000000000000000
 0.77083333333333326 0.79166666666666674 0.81250000000000000 0.83333333333333326
 0.85416666666666674 0.87500000000000000 0.89583333333333326 0.91666666666666674
 0.93750000000000000 0.95833333333333326 0.97916666666666674 1.00000000000000000
-0.97916666666666663-0.95833333333333337-0.93750000000000000-0.91666666666666663
-0.89583333333333337-0.87500000000000000-0.85416666666666663-0.83333333333333337
-0.81250000000000000-0.79166666666666663-0.77083333333333337-0.75000000000000000
-0.72916666666666674-0.70833333333333326-0.68750000000000000-0.66666666666666674
-0.64583333333333326-0.62500000000000000-0.60416666666666674-0.58333333333333326
-0.56250000000000000-0.54166666666666674-0.52083333333333326-0.50000000000000000
-0.47916666666666663-0.45833333333333337-0.43750000000000000-0.41666666666666663
-0.39583333333333337-0.37500000000000000-0.35416666666666663-0.33333333333333337
-0.31250000000000000-0.29166666666666663-0.27083333333333337-0.25000000000000000
-0.22916666666666663-0.20833333333333337-0.18750000000000000-0.16666666666666663
-0.14583333333333337-0.12500000000000000-0.10416666666666663-0.08333333333333337
-0.06250000000000000-0.04166666666666663-0.02083333333333337 0.00000000000000000
 0.02083333333333326 0.04166666666666674 0.06250000000000000 0.08333333333333326
 0.10416666666666674 0.12500000000000000 0.14583333333333326 0.16666666666666674
 0.18750000000000000 0.20833333333333326 0.22916666666666674 0.25000000000000000
 0.27083333333333326 0.29166666666666674 0.31250000000000000 0.33333333333333326
 0.35416666666666674 0.37500000000000000 0.39583333333333326 0.41666666666666674
 0.43750000000000000 0.45833333333333326 0.47916666666666674 0.50000000000000000
 0.52083333333333326 0.54166666666666674 0.56250000000000000 0.58333333333333326
 0.60416666666666674 0.62500000000000000 0.64583333333333326 0.66666666666666674
 0.68750000000000000 0.70833333333333326 0.72916666666666674 0.75000000000000000
 0.77083333333333326 0.79166666666666674 0.81250000000000000 0.83333333333333326
 0.85416666666666674 0.87500000000000000 0.89583333333333326 0.91666666666666674
 0.93750000000000000 0.95833333333333326 0.97916666666666674 1.00000000000000000
-0.97916666666666663-0.95833333333333337-0.93750000000000000-0.91666666666666663
-0.89583333333333337-0.87500000000000000-0.85416666666666663-0.83333333333333337
-0.81250000000000000-0.79166666666666663-0.77083333333333337-0.75000000000000000
-0.72916666666666674-0.70833333333333326-0.68750000000000000-0.66666666666666674
-0.64583333333333326-0.62500000000000000-0.60416666666666674-0.58333333333333326
-0.56250000000000000-0.54166666666666674-0.52083333333333326-0.50000000000000000
-0.47916666666666663-0.45833333333333337-0.43750000000000000-0.41666666666666663
-0.39583333333333337-0.37500000000000000-0.35416666666666663-0.33333333333333337
-0.31250000000000000-0.29166666666666663-0.27083333333333337-0.25000000000000000
-0.22916666666666663-0.20833333333333337-0.18750000000000000-0.16666666666666663
-0.14583333333333337-0.12500000000000000-0.10416666666666663-0.08333333333333337
-0.06250000000000000-0.04166666666666663-0.02083333333333337 0.00000000000000000
 0.02083333333333326 0.04166666666666674 0.06250000000000000 0.08333333333333326
 0.10416666666666674 0.12500000000000000 0.14583333333333326 0.16666666666666674
 0.18750000000000000 0.20833333333333326 0.22916666666666674 0.25000000000000000
 0.27083333333333326 0.29166666666666674 0.31250000000000000 0.33333333333333326
 0.35416666666666674 0.37500000000000000 0.39583333333333326 0.41666666666666674
 0.43750000000000000 0.45833333333333326 0.47916666666666674 0.50000000000000000
 0.52083333333333326 0.54166666666666674 0.56250000000000000 0.58333333333333326
 0.60416666666666674 0.62500000000000000 0.64583333333333326 0.66666666666666674
 0.68750000000000000 0.70833333333333326 0.72916666666666674 0.75000000000000000
 0.77083333333333326 0.79166666666666674 0.81250000000000000 0.83333333333333326
 0.85416666666666674 0.87500000000000000 0.89583333333333326 0.91666666666666674
 0.93750000000000000 0.95833333333333326 0.97916666666666674 1.00000000000000000
-0.97916666666666663-0.95833333333333337-0.93750000000000000-0.91666666666666663
-0.89583333333333337-0.87500000000000000-0.85416666666666663-0.83333333333333337
-0.81250000000000000-0.79166666666666663-0.77083333333333337-0.75000000000000000
-0.72916666666666674-0.70833333333333326-0.68750000000000000-0.66666666666666674
-0.64583333333333326-0.62500000000000000-0.60416666666666674-0.58333333333333326
-0.56250000000000000-0.54166666666666674-0.52083333333333326-0.50000000000000000
-0.47916666666666663-0.45833333333333337-0.43750000000000000-0.41666666666666663
-0.39583333333333337-0.37500000000000000-0.35416666666666663-0.33333333333333337
-0.31250000000000000-0.29166666666666663-0.27083333333333337-0.25000000000000000
-0.22916666666666663-0.20833333333333337-0.18750000000000000-0.16666666666666663
-0.14583333333333337-0.12500000000000000-0.10416666666666663-0.08333333333333337
-0.06250000000000000-0.04166666666666663-0.02083333333333337 0.00000000000000000
 0.02083333333333326 0.04166666666666674 0.06250000000000000 0.08333333333333326
 0.10416666666666674 0.12500000000000000 0.14583333333333326 0.16666666666666674
 0.18750000000000000 0.20833333333333326 0.22916666666666674 0.25000000000000000
 0.27083333333333326 0.29166666666666674 0.31250000000000000 0.33333333333333326
 0.35416666666666674 0.37500000000000000 0.39583333333333326 0.41666666666666674
 0.43750000000000000 0.45833333333333326 0.47916666666666674 0.50000000000000000
 0.52083333333333326 0.54166666666666674 0.56250000000000000 0.58333333333333326
 0.60416666666666674 0.62500000000000000 0.64583333333333326 0.66666666666666674
 0.68750000000000000 0.70833333333333326 0.72916666666666674 0.75000000000000000
 0.77083333333333326 0.79166666666666674 0.81250000000000000 0.83333333333333326
 0.85416666666666674 0.87500000000000000 0.89583333333333326 0.91666666666666674
 0.93750000000000000 0.95833333333333326 0.97916666666666674 1.00000000000000000
-0.97916666666666663-0.95833333333333337-0.93750000000000000-0.91666666666666663
-0.89583333333333337-0.87500000000000000-0.85416666666666663-0.83333333333333337
-0.81250000000000000-0.79166666666666663-0.77083333333333337-0.75000000000000000
-0.72916666666666674-0.70833333333333326-0.68750000000000000-0.66666666666666674
-0.64583333333333326-0.62500000000000000-0.60416666666666674-0.58333333333333326
-0.56250000000000000-0.54166666666666674-0.52083333333333326-0.50000000000000000
-0.47916666666666663-0.45833333333333337-0.43750000000000000-0.41666666666666663
-0.39583333333333337-0.37500000000000000-0.35416666666666663-0.33333333333333337
-0.31250000000000000-0.29166666666666663-0.27083333333333337-0.25000000000000000
-0.22916666666666663-0.20833333333333337-0.18750000000000000-0.16666666666666663
-0.14583333333333337-0.12500000000000000-0.10416666666666663-0.08333333333333337
-0.06250000000000000-0.04166666666666663-0.02083333333333337 0.00000000000000000
 0.02083333333333326 0.04166666666666674 0.06250000000000000 0.08333333333333326
 0.10416666666666674 0.12500000000000000 0.14583333333333326 0.16666666666666674
 0.18750000000000000 0.20833333333333326 0.22916666666666674 0.25000000000000000
 0.27083333333333326 0.29166666666666674 0.31250000000000000 0.33333333333333326
 0.35416666666666674 0.37500000000000000 0.39583333333333326 0.41666666666666674
 0.43750000000000000 0.45833333333333326 0.47916666666666674 0.50000000000000000
 0.52083333333333326 0.54166666666666674 0.56250000000000000 0.58333333333333326
 0.60416666666666674 0.62500000000000000 0.64583333333333326 0.66666666666666674
 0.68750000000000000 0.70833333333333326 0.72916666666666674 0.75000000000000000
 0.77083333333333326 0.79166666666666674 0.81250000000000000 0.83333333333333326
 0.85416666666666674 0.87500000000000000 0.89583333333333326 0.91666666666666674
 0.93750000000000000 0.95833333333333326 0.97916666666666674 1.00000000000000000
-0.97916666666666663-0.95833333333333337-0.93750000000000000-0.91666666666666663
-0.89583333333333337-0.87500000000000000-0.85416666666666663-0.83333333333333337
-0.81250000000000000-0.79166666666666663-0.77083333333333337-0.75000000000000000
-0.72916666666666674-0.70833333333333326-0.68750000000000000-0.66666666666666674
-0.64583333333333326-0.62500000000000000-0.60416666666666674-0.58333333333333326
-0.56250000000000000-0.54166666666666674-0.52083333333333326-0.50000000000000000
-0.47916666666666663-0.45833333333333337-0.43750000000000000-0.41666666666666663
-0.39583333333333337-0.37500000000000000-0.35416666666666663-0.33333333333333337
-0.31250000000000000-0.29166666666666663-0.27083333333333337-0.25000000000000000
-0.22916666666666663-0.20833333333333337-0.18750000000000000-0.16666666666666663
-0.14583333333333337-0.12500000000000000-0.10416666666666663-0.08333333333333337
-0.06250000000000000-0.04166666666666663-0.02083333333333337 0.00000000000000000
 0.02083333333333326 0.04166666666666674 0.06250000000000000 0.08333333333333326
 0.10416666666666674 0.12500000000000000 0.14583333333333326 0.16666666666666674
 0.18750000000000000 0.20833333333333326 0.22916666666666674 0.25000000000000000
 0.27083333333333326 0.29166666666666674 0.31250000000000000 0.33333333333333326
 0.35416666666666674 0.37500000000000000 0.39583333333333326 0.41666666666666674
 0.43750000000000000 0.45833333333333326 0.47916666666666674 0.50000000000000000
 0.52083333333333326 0.54166666666666674 0.56250000000000000 0.58333333333333326
 0.60416666666666674 0.62500000000000000 0.64583333333333326 0.66666666666666674
 0.68750000000000000 0.70833333333333326 0.72916666666666674 0.75000000000000000
 0.77083333333333326 0.79166666666666674 0.81250000000000000 0.83333333333333326
 0.85416666666666674 0.87500000000000000 0.89583333333333326 0.91666666666666674
 0.93750000000000000 0.95833333333333326 0.97916666666666674 1.00000000000000000
-0.97916666666666663-0.95833333333333337-0.93750000000000000-0.91666666666666663
-0.89583333333333337-0.87500000000000000-0.85416666666666663-0.83333333333333337
-0.81250000000000000-0.79166666666666663-0.77083333333333337-0.75000000000000000
-0.72916666666666674-0.70833333333333326-0.68750000000000000-0.66666666666666674
-0.64583333333333326-0.62500000000000000-0.60416666666666674-0.58333333333333326
-0.56250000000000000-0.54166666666666674-0.52083333333333326-0.50000000000000000
-0.47916666666666663-0.45833333333333337-0.43750000000000000-0.41666666666666663
-0.39583333333333337-0.37500000000000000-0.35416666666666663-0.33333333333333337
-0.31250000000000000-0.29166666666666663-0.27083333333333337-0.25000000000000000
-0.22916666666666663-0.20833333333333337-0.18750000000000000-0.16666666666666663
-0.14583333333333337-0.12500000000000000-0.10416666666666663-0.08333333333333337
-0.06250000000000000-0.04166666666666663-0.02083333333333337 0.00000000000000000
 0.02083333333333326 0.04166666666666674 0.06250000000000000 0.08333333333333326
 0.10416666666666674 0.12500000000000000 0.14583333333333326 0.16666666666666674
 0.18750000000000000 0.20833333333333326 0.22916666666666674 0.25000000000000000
 0.27083333333333326 0.29166666666666674 0.31250000000000000 0.33333333333333326
 0.35416666666666674 0.37500000000000000 0.39583333333333326 0.41666666666666674
 0.43750000000000000 0.45833333333333326 0.47916666666666674 0.50000000000000000
 0.52083333333333326 0.54166666666666674 0.56250000000000000 0.58333333333333326
 0.60416666666666674 0.62500000000000000 0.64583333333333326 0.66666666666666674
 0.68750000000000000 0.70833333333333326 0.72916666666666674 0.75000000000000000
 0.77083333333333326 0.79166666666666674 0.81250000000000000 0.83333333333333326
 0.85416666666666674 0.87500000000000000 0.89583333333333326 0.91666666666666674
 0.93750000000000000 0.95833333333333326 0.97916666666666674 1.00000000000000000
-0.97916666666666663-0.95833333333333337-0.93750000000000000-0.91666666666666663
-0.89583333333333337-0.87500000000000000-0.85416666666666663-0.83333333333333337
-0.81250000000000000-0.79166666666666663-0.77083333333333337-0.75000000000000000
-0.72916666666666674-0.70833333333333326-0.68750000000000000-0.66666666666666674
-0.64583333333333326-0.62500000000000000-0.60416666666666674-0.58333333333333326
-0.56250000000000000-0.54166666666666674-0.52083333333333326-0.50000000000000000
-0.47916666666666663-0.45833333333333337-0.43750000000000000-0.41666666666666663
-0.39583333333333337-0.37500000000000000-0.35416666666666663-0.33333333333333337
-0.31250000000000000-0.29166666666666663-0.27083333333333337-0.25000000000000000
-0.22916666666666663-0.20833333333333337-0.18750000000000000-0.16666666666666663
-0.14583333333333337-0.12500000000000000-0.10416666666666663-0.08333333333333337
-0.06250000000000000-0.04166666666666663-0.02083333333333337 0.00000000000000000
 0.02083333333333326 0.04166666666666674 0.06250000000000000 0.08333333333333326
 0.10416666666666674 0.12500000000000000 0.14583333333333326 0.16666666666666674
 0.18750000000000000 0.20833333333333326 0.22916666666666674 0.25000000000000000
 0.27083333333333326 0.29166666666666674 0.31250000000000000 0.33333333333333326
 0.35416666666666674 0.37500000000000000 0.39583333333333326 0.41666666666666674
 0.43750000000000000 0.45833333333333326 0.47916666666666674 0.50000000000000000
 0.52083333333333326 0.54166666666666674 0.56250000000000000 0.58333333333333326
 0.60416666666666674 0.62500000000000000 0.64583333333333326 0.66666666666666674
 0.68750000000000000 0.70833333333333326 0.72916666666666674 0.75000000000000000
 0.77083333333333326 0.79166666666666674 0.81250000000000000 0.83333333333333326
 0.85416666666666674 0.87500000000000000 0.89583333333333326 0.91666666666666674
 0.93750000000000000 0.95833333333333326 0.97916666666666674 1.00000000000000000
-0.97916666666666663-0.95833333333333337-0.93750000000000000-0.91666666666666663
-0.89583333333333337-0.87500000000000000-0.85416666666666663-0.83333333333333337
-0.81250000000000000-0.79166666666666663-0.77083333333333337-0.75000000000000000
-0.72916666666666674-0.70833333333333326-0.68750000000000000-0.66666666666666674
-0.64583333333333326-0.62500000000000000-0.60416666666666674-0.58333333333333326
-0.56250000000000000-0.54166666666666674-0.52083333333333326-0.50000000000000000
-0.47916666666666663-0.45833333333333337-0.43750000000000000-0.41666666666666663
-0.39583333333333337-0.37500000000000000-0.35416666666666663-0.33333333333333337
-0.31250000000000000-0.29166666666666663-0.27083333333333337-0.25000000000000000
-0.22916666666666663-0.20833333333333337-0.18750000000000000-0.16666666666666663
-0.14583333333333337-0.12500000000000000-0.10416666666666663-0.08333333333333337
-0.06250000000000000-0.04166666666666663-0.02083333333333337 0.00000000000000000
 0.02083333333333326 0.04166666666666674 0.06250000000000000 0.08333333333333326
 0.10416666666666674 0.12500000000000000 0.14583333333333326 0.16666666666666674
 0.18750000000000000 0.20833333333333326 0.22916666666666674 0.25000000000000000
 0.27083333333333326 0.29166666666666674 0.31250000000000000 0.33333333333333326
 0.35416666666666674 0.37500000000000000 0.39583333333333326 0.41666666666666674
 0.43750000000000000 0.45833333333333326 0.47916666666666674 0.50000000000000000
 0.52083333333333326 0.54166666666666674 0.56250000000000000 0.58333333333333326
 0.60416666666666674 0.62500000000000000 0.64583333333333326 0.66666666666666674
 0.68750000000000000 0.70833333333333326 0.72916666666666674 0.75000000000000000
 0.77083333333333326 0.79166666666666674 0.81250000000000000 0.83333333333333326
 0.85416666666666674 0.87500000000000000 0.89583333333333326 0.91666666666666674
 0.93750000000000000 0.95833333333333326 0.97916666666666674 1.00000000000000000
-0.97916666666666663-0.95833333333333337-0.93750000000000000-0.91666666666666663
-0.89583333333333337-0.87500000000000000-0.85416666666666663-0.83333333333333337
-0.81250000000000000-0.79166666666666663-0.77083333333333337-0.75000000000000000
-0.72916666666666674-0.70833333333333326-0.68750000000000000-0.66666666666666674
-0.64583333333333326-0.62500000000000000-0.60416666666666674-0.58333333333333326
-0.56250000000000000-0.54166666666666674-0.52083333333333326-0.50000000000000000
-0.47916666666666663-0.45833333333333337-0.43750000000000000-0.41666666666666663
-0.39583333333333337-0.37500000000000000-0.35416666666666663-0.33333333333333337
-0.31250000000000000-0.29166666666666663-0.27083333333333337-0.25000000000000000
-0.22916666666666663-0.20833333333333337-0.18750000000000000-0.16666666666666663
-0.14583333333333337-0.12500000000000000-0.10416666666666663-0.08333333333333337
-0.06250000000000000-0.04166666666666663-0.02083333333333337 0.00000000000000000
 0.02083333333333326 0.04166666666666674 0.06250000000000000 0.08333333333333326
 0.10416666666666674 0.12500000000000000 0.14583333333333326 0.16666666666666674
 0.18750000000000000 0.20833333333333326 0.22916666666666674 0.25000000000000000
 0.27083333333333326 0.29166666666666674 0.31250000000000000 0.33333333333333326
 0.35416666666666674 0.37500000000000000 0.39583333333333326 0.41666666666666674
 0.43750000000000000 0.45833333333333326 0.47916666666666674 0.50000000000000000
 0.52083333333333326 0.54166666666666674 0.56250000000000000 0.58333333333333326
 0.60416666666666674 0.62500000000000000 0.64583333333333326 0.66666666666666674
 0.68750000000000000 0.70833333333333326 0.72916666666666674 0.75000000000000000
 0.77083333333333326 0.79166666666666674 0.81250000000000000 0.83333333333333326
 0.85416666666666674 0.87500000000000000 0.89583333333333326 0.91666666666666674
 0.93750000000000000 0.95833333333333326 0.97916666666666674 1.00000000000000000
-0.97916666666666663-0.95833333333333337-0.93750000000000000-0.91666666666666663
-0.89583333333333337-0.87500000000000000-0.85416666666666663-0.83333333333333337
-0.81250000000000000-0.79166666666666663-0.77083333333333337-0.75000000000000000
-0.72916666666666674-0.70833333333333326-0.68750000000000000-0.66666666666666674
-0.64583333333333326-0.62500000000000000-0.60416666666666674-0.58333333333333326
-0.56250000000000000-0.54166666666666674-0.52083333333333326-0.50000000000000000
-0.47916666666666663-0.45833333333333337-0.43750000000000000-0.41666666666666663
-0.39583333333333337-0.37500000000000000-0.35416666666666663-0.33333333333333337
-0.31250000000000000-0.29166666666666663-0.27083333333333337-0.25000000000000000
-0.22916666666666663-0.20833333333333337-0.18750000000000000-0.16666666666666663
-0.14583333333333337-0.12500000000000000-0.10416666666666663-0.08333333333333337
-0.06250000000000000-0.04166666666666663-0.02083333333333337 0.00000000000000000
 0.02083333333333326 0.04166666666666674 0.06250000000000000 0.08333333333333326
 0.10416666666666674 0.12500000000000000 0.14583333333333326 0.16666666666666674
 0.18750000000000000 0.20833333333333326 0.22916666666666674 0.25000000000000000
 0.27083333333333326 0.29166666666666674 0.31250000000000000 0.33333333333333326
 0.35416666666666674 0.37500000000000000 0.39583333333333326 0.41666666666666674
 0.43750000000000000 0.45833333333333326 0.47916666666666674 0.50000000000000000
 0.52083333333333326 0.54166666666666674 0.56250000000000000 0.58333333333333326
 0.60416666666666674 0.62500000000000000 0.64583333333333326 0.66666666666666674
 0.68750000000000000 0.70833333333333326 0.72916666666666674 0.75000000000000000
 0.77083333333333326 0.79166666666666674 0.81250000000000000 0.83333333333333326
 0.85416666666666674 0.87500000000000000 0.89583333333333326 0.91666666666666674
 0.93750000000000000 0.95833333333333326 0.97916666666666674 1.00000000000000000
 1.00000000000000000 0.00000000000000000 0.00000000000000000 0.00000000000000000
 0.00000000000000000 0.00000000000000000 0.00000000000000000 0.00000000000000000
 0.00000000000000000 0.00000000000000000
