-0.00000062999655285 0.00000738266923743 0.00001211887296206 0.00001601776943232
 0.00001986241151953 0.00002357123028957 0.00002723597368541 0.00003091083703708
 0.00003456273474926 0.00003818894771405 0.00004183913635389 0.00004553210209162
 0.00004926998265893 0.00005307347883723 0.00005698430621357 0.00006091828977400
 0.00006494370490744 0.00006903392387045 0.00007318631797933 0.00007743112580015
 0.00008177625319126 0.00008624113432237 0.00009081400762663 0.00009546057694359
 0.00010024687331321 0.00010516899453621 0.00011020728252563 0.00011537174473862
 0.00012066100823802 0.00012609458271834 0.00013166279811910 0.00013732400332664
 0.00014305413440883 0.00014891364729505 0.00015498785915968 0.00016127047469685
 0.00016776898119861 0.00017454033169014 0.00018152576062616 0.00018873481550546
 0.00019627330888902 0.00020409560994795 0.00021222652709285 0.00022075215292179
 0.00022959900738296 0.00023880792584436 0.00024832927827443 0.00025810152025573
 0.00026863206359342 0.00027931094597488 0.00029081543214718 0.00030260214162273
 0.00031504592553852 0.00032816209480889 0.00034187428108699 0.00035645757912958
 0.00037165989821855 0.00038776656050755 0.00040467507519816 0.00042235831678197
 0.00044091922166142 0.00046052146886506 0.00048145328090436 0.00050373604307289
 0.00052730980087388 0.00055209923757320 0.00057862563524325 0.00060747463443453
 0.00063845272243190 0.00067111872871570 0.00070593780599155 0.00074375971122070
 0.00078494377998990 0.00082981754458992 0.00087843219646233 0.00093111365726725
 0.00098856992503815 0.00105093424045203 0.00111958635657008 0.00119489195264899
 0.00127888748252721 0.00137159668006148 0.00147586565279746 0.00159209994915790
 0.00172506455271796 0.00188164208372892 0.00206721642185778 0.00227702042920911
 0.00250768772625387 0.00277582919442510 0.00309952807499005 0.00354715529871324
 0.00411942205657046 0.00491111598074330 0.12379336415572742 1.00000000000000000
-0.00242931170743068 0.00967377364852208 0.01980851401164298 0.03057823910939002
 0.04110828448206241 0.05173457531063462 0.06234495262770007 0.07295320981618095
 0.08352396646845162 0.09400961041591403 0.10452382068236198 0.11500853013222836
 0.12540162603953026 0.13616076726496851 0.14663061147346890 0.15733426461197730
 0.16776511553017051 0.17835119825347592 0.18881943922723554 0.19915082832284720
 0.20937296826090757 0.21967538274870513 0.23017573387301174 0.24056192176704991
 0.25084914245879070 0.26137216662668139 0.27208978924352112 0.28234737694509843
 0.29253538907617466 0.30286218011127586 0.31322762523112546 0.32359541941040387
 0.33404656296516672 0.34474492804948731 0.35545516290197171 0.36608973727520705
 0.37660535546923901 0.38725600914024960 0.39787588972400262 0.40858341288666566
 0.41927769268571463 0.42984029866913070 0.44055283047703442 0.45101677924032635
 0.46166563022611984 0.47210579614518139 0.48244444535542419 0.49269037453333092
 0.50287212014857730 0.51322200202464907 0.52356934304895275 0.53412435677567183
 0.54455812033961593 0.55495305469816747 0.56536670285570279 0.57604021050936016
 0.58665883556878839 0.59739006653930438 0.60817811428210944 0.61917933673913905
 0.63018292931093123 0.64087187777280841 0.65118975073616969 0.66126526875709146
 0.67154444627144072 0.68193050798962085 0.69242231117479935 0.70299343721612972
 0.71359531464973525 0.72400506750945615 0.73441109963970930 0.74486347798598773
 0.75528044152359053 0.76548684841756376 0.77588753616597439 0.78654376174309215
 0.79709247607421296 0.80763571776598586 0.81827827324555580 0.82909326287533158
 0.83971931546995737 0.85033224206199365 0.86108966132011600 0.87190445585476017
 0.88253390157423051 0.89306795592535504 0.90360556914756585 0.91429941365974987
 0.92518519925131848 0.93615995923753548 0.94722290833615574 0.95803504355810121
 0.96876257440190416 0.97943277849406019 0.98962293996066286 1.00000000000000000
-0.00253032830691608 0.01579515705003028 0.03064133237932012 0.04458230835609171
 0.05751420893731471 0.07009242972849525 0.08227964700598984 0.09418538535039667
 0.10573122538056128 0.11688553902415653 0.12770992436160175 0.13817713496225936
 0.14833010351532835 0.15820153998473668 0.16793340047744665 0.17758046996896970
 0.18703847501857029 0.19639273955697298 0.20561351657474675 0.21474659639383847
 0.22392846211121573 0.23309447711537068 0.24219324840647477 0.25108580445712519
 0.25981228078168173 0.26850138638819282 0.27713457550821868 0.28565232118156264
 0.29407022918166598 0.30254083413115462 0.31098228308609027 0.31942419713751402
 0.32760502636367511 0.33584265165191823 0.34409731331004451 0.35223222592459663
 0.36029224384758479 0.36832221066776438 0.37636782598834334 0.38446175518755954
 0.39255119842478520 0.40060225906866009 0.40862161250027779 0.41663459080013460
 0.42471661223769258 0.43282128094426081 0.44080913685624518 0.44868088340806239
 0.45654637601088027 0.46446787982768212 0.47245524428715863 0.48047347852520855
 0.48845753024607558 0.49646270867698572 0.50456394238524904 0.51268174788014254
 0.52075672947937557 0.52870772059416515 0.53675501397328651 0.54476134986042446
 0.55289566095642040 0.56110947468104577 0.56942292056179478 0.57781329242418311
 0.58606889628188863 0.59424135501642938 0.60246094295242791 0.61080076921963833
 0.61928073441728448 0.62782178248448606 0.63629268317147425 0.64473058648487147
 0.65321398416171172 0.66184790289944528 0.67065653696110628 0.67965430929703097
 0.68872460692498383 0.69790445069925089 0.70732243876774414 0.71714204010753291
 0.72728071851295606 0.73754451263108511 0.74802596271058308 0.75890905786389462
 0.77008333476215618 0.78147396240786215 0.79318959617598406 0.80546372986259485
 0.81842455429588312 0.83233254421699965 0.84742620620262976 0.86388241833776369
 0.88262855388761330 0.90519890936812619 0.93388350820121968 1.00000000000000000
-0.02706011976301910 0.13159007496983927 0.17127922384792293 0.19501886812122013
 0.21317574190111471 0.22831114615232695 0.24157660951204188 0.25356697968439146
 0.26403255962032735 0.27389806302297320 0.28295445402994646 0.29170067267792127
 0.29991551152694035 0.30777306898829615 0.31538460221019005 0.32271281422862680
 0.32979163350295859 0.33658802731867821 0.34319330676980103 0.34968982651480862
 0.35601757314196725 0.36208576671413256 0.36807717733402406 0.37402412409519031
 0.37984097739835559 0.38557769521272900 0.39121880073259413 0.39675734828205017
 0.40217020845133072 0.40751783351745535 0.41283247265489353 0.41807972725600306
 0.42328299655588575 0.42844495062089705 0.43358376908820556 0.43869444589476780
 0.44377304131440864 0.44883557224810400 0.45390255961944509 0.45891852503820257
 0.46383506684602449 0.46870496604440476 0.47356531342517766 0.47840548059093041
 0.48322957301119390 0.48804463680158938 0.49284954536104908 0.49765512956248537
 0.50249748328344801 0.50732332968514338 0.51214972580655527 0.51697964094152882
 0.52180891675595764 0.52665852162712867 0.53154365498774714 0.53647209834680898
 0.54144419617362749 0.54643358762146366 0.55143475575060186 0.55647450211471750
 0.56153365042190817 0.56656719527618127 0.57161096241300391 0.57671947901861409
 0.58186845275407628 0.58710103992953877 0.59241411684270995 0.59777165705161639
 0.60315406461251742 0.60860946691824480 0.61411917632076207 0.61968394898632406
 0.62538300303298378 0.63131935026380015 0.63734142598333354 0.64347307859197400
 0.64968930223606680 0.65604833594519574 0.66250596238132431 0.66923008758132763
 0.67626612230537941 0.68350992092347018 0.69114876956851223 0.69911994833832047
 0.70747655336872484 0.71627734017191935 0.72556919814395859 0.73546280738865910
 0.74593413258983732 0.75737506226898832 0.76970494880858220 0.78458961366734636
 0.80229048581565698 0.82530127252434327 0.85920363519281939 1.00000000000000000
-0.97916666666666663-0.95833333333333337-0.93750000000000000-0.91666666666666663
-0.89583333333333337-0.87500000000000000-0.85416666666666663-0.83333333333333337
-0.81250000000000000-0.79166666666666663-0.77083333333333337-0.75000000000000000
-0.72916666666666663-0.70833333333333337-0.68750000000000000-0.66666666666666663
-0.64583333333333337-0.62500000000000000-0.60416666666666663-0.58333333333333337
-0.56250000000000000-0.54166666666666663-0.52083333333333337-0.50000000000000000
-0.47916666666666669-0.45833333333333331-0.43750000000000000-0.41666666666666669
-0.39583333333333331-0.37500000000000000-0.35416666666666669-0.33333333333333331
-0.31250000000000000-0.29166666666666669-0.27083333333333331-0.25000000000000000
-0.22916666666666666-0.20833333333333334-0.18750000000000000-0.16666666666666666
-0.14583333333333334-0.12500000000000000-0.10416666666666667-0.08333333333333333
-0.06250000000000000-0.04166666666666666-0.02083333333333333 0.00000000000000000
 0.02083333333333333 0.04166666666666666 0.06250000000000000 0.08333333333333333
 0.10416666666666667 0.12500000000000000 0.14583333333333334 0.16666666666666666
 0.18750000000000000 0.20833333333333334 0.22916666666666666 0.25000000000000000
 0.27083333333333331 0.29166666666666669 0.31250000000000000 0.33333333333333331
 0.35416666666666669 0.37500000000000000 0.39583333333333331 0.41666666666666669
 0.43750000000000000 0.45833333333333331 0.47916666666666669 0.50000000000000000
 0.52083333333333337 0.54166666666666663 0.56250000000000000 0.58333333333333337
 0.60416666666666663 0.62500000000000000 0.64583333333333337 0.66666666666666663
 0.68750000000000000 0.70833333333333337 0.72916666666666663 0.75000000000000000
 0.77083333333333337 0.79166666666666663 0.81250000000000000 0.83333333333333337
 0.85416666666666663 0.87500000000000000 0.89583333333333337 0.91666666666666663
 0.93750000000000000 0.95833333333333337 0.97916666666666663 1.00000000000000000
-0.97916666666666663-0.95833333333333337-0.93750000000000000-0.91666666666666663
-0.89583333333333337-0.87500000000000000-0.85416666666666663-0.83333333333333337
-0.81250000000000000-0.79166666666666663-0.77083333333333337-0.75000000000000000
-0.72916666666666663-0.70833333333333337-0.68750000000000000-0.66666666666666663
-0.64583333333333337-0.62500000000000000-0.60416666666666663-0.58333333333333337
-0.56250000000000000-0.54166666666666663-0.52083333333333337-0.50000000000000000
-0.47916666666666669-0.45833333333333331-0.43750000000000000-0.41666666666666669
-0.39583333333333331-0.37500000000000000-0.35416666666666669-0.33333333333333331
-0.31250000000000000-0.29166666666666669-0.27083333333333331-0.25000000000000000
-0.22916666666666666-0.20833333333333334-0.18750000000000000-0.16666666666666666
-0.14583333333333334-0.12500000000000000-0.10416666666666667-0.08333333333333333
-0.06250000000000000-0.04166666666666666-0.02083333333333333 0.00000000000000000
 0.02083333333333333 0.04166666666666666 0.06250000000000000 0.08333333333333333
 0.10416666666666667 0.12500000000000000 0.14583333333333334 0.16666666666666666
 0.18750000000000000 0.20833333333333334 0.22916666666666666 0.25000000000000000
 0.27083333333333331 0.29166666666666669 0.31250000000000000 0.33333333333333331
 0.35416666666666669 0.37500000000000000 0.39583333333333331 0.41666666666666669
 0.43750000000000000 0.45833333333333331 0.47916666666666669 0.50000000000000000
 0.52083333333333337 0.54166666666666663 0.56250000000000000 0.58333333333333337
 0.60416666666666663 0.62500000000000000 0.64583333333333337 0.66666666666666663
 0.68750000000000000 0.70833333333333337 0.72916666666666663 0.75000000000000000
 0.77083333333333337 0.79166666666666663 0.81250000000000000 0.83333333333333337
 0.85416666666666663 0.87500000000000000 0.89583333333333337 0.91666666666666663
 0.93750000000000000 0.95833333333333337 0.97916666666666663 1.00000000000000000
-0.97916666666666663-0.95833333333333337-0.93750000000000000-0.91666666666666663
-0.89583333333333337-0.87500000000000000-0.85416666666666663-0.83333333333333337
-0.81250000000000000-0.79166666666666663-0.77083333333333337-0.75000000000000000
-0.72916666666666663-0.70833333333333337-0.68750000000000000-0.66666666666666663
-0.64583333333333337-0.62500000000000000-0.60416666666666663-0.58333333333333337
-0.56250000000000000-0.54166666666666663-0.52083333333333337-0.50000000000000000
-0.47916666666666669-0.45833333333333331-0.43750000000000000-0.41666666666666669
-0.39583333333333331-0.37500000000000000-0.35416666666666669-0.33333333333333331
-0.31250000000000000-0.29166666666666669-0.27083333333333331-0.25000000000000000
-0.22916666666666666-0.20833333333333334-0.18750000000000000-0.16666666666666666
-0.14583333333333334-0.12500000000000000-0.10416666666666667-0.08333333333333333
-0.06250000000000000-0.04166666666666666-0.02083333333333333 0.00000000000000000
 0.02083333333333333 0.04166666666666666 0.06250000000000000 0.08333333333333333
 0.10416666666666667 0.12500000000000000 0.14583333333333334 0.16666666666666666
 0.18750000000000000 0.20833333333333334 0.22916666666666666 0.25000000000000000
 0.27083333333333331 0.29166666666666669 0.31250000000000000 0.33333333333333331
 0.35416666666666669 0.37500000000000000 0.39583333333333331 0.41666666666666669
 0.43750000000000000 0.45833333333333331 0.47916666666666669 0.50000000000000000
 0.52083333333333337 0.54166666666666663 0.56250000000000000 0.58333333333333337
 0.60416666666666663 0.62500000000000000 0.64583333333333337 0.66666666666666663
 0.68750000000000000 0.70833333333333337 0.72916666666666663 0.75000000000000000
 0.77083333333333337 0.79166666666666663 0.81250000000000000 0.83333333333333337
 0.85416666666666663 0.87500000000000000 0.89583333333333337 0.91666666666666663
 0.93750000000000000 0.95833333333333337 0.97916666666666663 1.00000000000000000
-0.97916666666666663-0.95833333333333337-0.93750000000000000-0.91666666666666663
-0.89583333333333337-0.87500000000000000-0.85416666666666663-0.83333333333333337
-0.81250000000000000-0.79166666666666663-0.77083333333333337-0.75000000000000000
-0.72916666666666663-0.70833333333333337-0.68750000000000000-0.66666666666666663
-0.64583333333333337-0.62500000000000000-0.60416666666666663-0.58333333333333337
-0.56250000000000000-0.54166666666666663-0.52083333333333337-0.50000000000000000
-0.47916666666666669-0.45833333333333331-0.43750000000000000-0.41666666666666669
-0.39583333333333331-0.37500000000000000-0.35416666666666669-0.33333333333333331
-0.31250000000000000-0.29166666666666669-0.27083333333333331-0.25000000000000000
-0.22916666666666666-0.20833333333333334-0.18750000000000000-0.16666666666666666
-0.14583333333333334-0.12500000000000000-0.10416666666666667-0.08333333333333333
-0.06250000000000000-0.04166666666666666-0.02083333333333333 0.00000000000000000
 0.02083333333333333 0.04166666666666666 0.06250000000000000 0.08333333333333333
 0.10416666666666667 0.12500000000000000 0.14583333333333334 0.16666666666666666
 0.18750000000000000 0.20833333333333334 0.22916666666666666 0.25000000000000000
 0.27083333333333331 0.29166666666666669 0.31250000000000000 0.33333333333333331
 0.35416666666666669 0.37500000000000000 0.39583333333333331 0.41666666666666669
 0.43750000000000000 0.45833333333333331 0.47916666666666669 0.50000000000000000
 0.52083333333333337 0.54166666666666663 0.56250000000000000 0.58333333333333337
 0.60416666666666663 0.62500000000000000 0.64583333333333337 0.66666666666666663
 0.68750000000000000 0.70833333333333337 0.72916666666666663 0.75000000000000000
 0.77083333333333337 0.79166666666666663 0.81250000000000000 0.83333333333333337
 0.85416666666666663 0.87500000000000000 0.89583333333333337 0.91666666666666663
 0.93750000000000000 0.95833333333333337 0.97916666666666663 1.00000000000000000
-0.97916666666666663-0.95833333333333337-0.93750000000000000-0.91666666666666663
-0.89583333333333337-0.87500000000000000-0.85416666666666663-0.83333333333333337
-0.81250000000000000-0.79166666666666663-0.77083333333333337-0.75000000000000000
-0.72916666666666663-0.70833333333333337-0.68750000000000000-0.66666666666666663
-0.64583333333333337-0.62500000000000000-0.60416666666666663-0.58333333333333337
-0.56250000000000000-0.54166666666666663-0.52083333333333337-0.50000000000000000
-0.47916666666666669-0.45833333333333331-0.43750000000000000-0.41666666666666669
-0.39583333333333331-0.37500000000000000-0.35416666666666669-0.33333333333333331
-0.31250000000000000-0.29166666666666669-0.27083333333333331-0.25000000000000000
-0.22916666666666666-0.20833333333333334-0.18750000000000000-0.16666666666666666
-0.14583333333333334-0.12500000000000000-0.10416666666666667-0.08333333333333333
-0.06250000000000000-0.04166666666666666-0.02083333333333333 0.00000000000000000
 0.02083333333333333 0.04166666666666666 0.06250000000000000 0.08333333333333333
 0.10416666666666667 0.12500000000000000 0.14583333333333334 0.16666666666666666
 0.18750000000000000 0.20833333333333334 0.22916666666666666 0.25000000000000000
 0.27083333333333331 0.29166666666666669 0.31250000000000000 0.33333333333333331
 0.35416666666666669 0.37500000000000000 0.39583333333333331 0.41666666666666669
 0.43750000000000000 0.45833333333333331 0.47916666666666669 0.50000000000000000
 0.52083333333333337 0.54166666666666663 0.56250000000000000 0.58333333333333337
 0.60416666666666663 0.62500000000000000 0.64583333333333337 0.66666666666666663
 0.68750000000000000 0.70833333333333337 0.72916666666666663 0.75000000000000000
 0.77083333333333337 0.79166666666666663 0.81250000000000000 0.83333333333333337
 0.85416666666666663 0.87500000000000000 0.89583333333333337 0.91666666666666663
 0.93750000000000000 0.95833333333333337 0.97916666666666663 1.00000000000000000
-0.97916666666666663-0.95833333333333337-0.93750000000000000-0.91666666666666663
-0.89583333333333337-0.87500000000000000-0.85416666666666663-0.83333333333333337
-0.81250000000000000-0.79166666666666663-0.77083333333333337-0.75000000000000000
-0.72916666666666663-0.70833333333333337-0.68750000000000000-0.66666666666666663
-0.64583333333333337-0.62500000000000000-0.60416666666666663-0.58333333333333337
-0.56250000000000000-0.54166666666666663-0.52083333333333337-0.50000000000000000
-0.47916666666666669-0.45833333333333331-0.43750000000000000-0.41666666666666669
-0.39583333333333331-0.37500000000000000-0.35416666666666669-0.33333333333333331
-0.31250000000000000-0.29166666666666669-0.27083333333333331-0.25000000000000000
-0.22916666666666666-0.20833333333333334-0.18750000000000000-0.16666666666666666
-0.14583333333333334-0.12500000000000000-0.10416666666666667-0.08333333333333333
-0.06250000000000000-0.04166666666666666-0.02083333333333333 0.00000000000000000
 0.02083333333333333 0.04166666666666666 0.06250000000000000 0.08333333333333333
 0.10416666666666667 0.12500000000000000 0.14583333333333334 0.16666666666666666
 0.18750000000000000 0.20833333333333334 0.22916666666666666 0.25000000000000000
 0.27083333333333331 0.29166666666666669 0.31250000000000000 0.33333333333333331
 0.35416666666666669 0.37500000000000000 0.39583333333333331 0.41666666666666669
 0.43750000000000000 0.45833333333333331 0.47916666666666669 0.50000000000000000
 0.52083333333333337 0.54166666666666663 0.56250000000000000 0.58333333333333337
 0.60416666666666663 0.62500000000000000 0.64583333333333337 0.66666666666666663
 0.68750000000000000 0.70833333333333337 0.72916666666666663 0.75000000000000000
 0.77083333333333337 0.79166666666666663 0.81250000000000000 0.83333333333333337
 0.85416666666666663 0.87500000000000000 0.89583333333333337 0.91666666666666663
 0.93750000000000000 0.95833333333333337 0.97916666666666663 1.00000000000000000
-0.97916666666666663-0.95833333333333337-0.93750000000000000-0.91666666666666663
-0.89583333333333337-0.87500000000000000-0.85416666666666663-0.83333333333333337
-0.81250000000000000-0.79166666666666663-0.77083333333333337-0.75000000000000000
-0.72916666666666663-0.70833333333333337-0.68750000000000000-0.66666666666666663
-0.64583333333333337-0.62500000000000000-0.60416666666666663-0.58333333333333337
-0.56250000000000000-0.54166666666666663-0.52083333333333337-0.50000000000000000
-0.47916666666666669-0.45833333333333331-0.43750000000000000-0.41666666666666669
-0.39583333333333331-0.37500000000000000-0.35416666666666669-0.33333333333333331
-0.31250000000000000-0.29166666666666669-0.27083333333333331-0.25000000000000000
-0.22916666666666666-0.20833333333333334-0.18750000000000000-0.16666666666666666
-0.14583333333333334-0.12500000000000000-0.10416666666666667-0.08333333333333333
-0.06250000000000000-0.04166666666666666-0.02083333333333333 0.00000000000000000
 0.02083333333333333 0.04166666666666666 0.06250000000000000 0.08333333333333333
 0.10416666666666667 0.12500000000000000 0.14583333333333334 0.16666666666666666
 0.18750000000000000 0.20833333333333334 0.22916666666666666 0.25000000000000000
 0.27083333333333331 0.29166666666666669 0.31250000000000000 0.33333333333333331
 0.35416666666666669 0.37500000000000000 0.39583333333333331 0.41666666666666669
 0.43750000000000000 0.45833333333333331 0.47916666666666669 0.50000000000000000
 0.52083333333333337 0.54166666666666663 0.56250000000000000 0.58333333333333337
 0.60416666666666663 0.62500000000000000 0.64583333333333337 0.66666666666666663
 0.68750000000000000 0.70833333333333337 0.72916666666666663 0.75000000000000000
 0.77083333333333337 0.79166666666666663 0.81250000000000000 0.83333333333333337
 0.85416666666666663 0.87500000000000000 0.89583333333333337 0.91666666666666663
 0.93750000000000000 0.95833333333333337 0.97916666666666663 1.00000000000000000
-0.97916666666666663-0.95833333333333337-0.93750000000000000-0.91666666666666663
-0.89583333333333337-0.87500000000000000-0.85416666666666663-0.83333333333333337
-0.81250000000000000-0.79166666666666663-0.77083333333333337-0.75000000000000000
-0.72916666666666663-0.70833333333333337-0.68750000000000000-0.66666666666666663
-0.64583333333333337-0.62500000000000000-0.60416666666666663-0.58333333333333337
-0.56250000000000000-0.54166666666666663-0.52083333333333337-0.50000000000000000
-0.47916666666666669-0.45833333333333331-0.43750000000000000-0.41666666666666669
-0.39583333333333331-0.37500000000000000-0.35416666666666669-0.33333333333333331
-0.31250000000000000-0.29166666666666669-0.27083333333333331-0.25000000000000000
-0.22916666666666666-0.20833333333333334-0.18750000000000000-0.16666666666666666
-0.14583333333333334-0.12500000000000000-0.10416666666666667-0.08333333333333333
-0.06250000000000000-0.04166666666666666-0.02083333333333333 0.00000000000000000
 0.02083333333333333 0.04166666666666666 0.06250000000000000 0.08333333333333333
 0.10416666666666667 0.12500000000000000 0.14583333333333334 0.16666666666666666
 0.18750000000000000 0.20833333333333334 0.22916666666666666 0.25000000000000000
 0.27083333333333331 0.29166666666666669 0.31250000000000000 0.33333333333333331
 0.35416666666666669 0.37500000000000000 0.39583333333333331 0.41666666666666669
 0.43750000000000000 0.45833333333333331 0.47916666666666669 0.50000000000000000
 0.52083333333333337 0.54166666666666663 0.56250000000000000 0.58333333333333337
 0.60416666666666663 0.62500000000000000 0.64583333333333337 0.66666666666666663
 0.68750000000000000 0.70833333333333337 0.72916666666666663 0.75000000000000000
 0.77083333333333337 0.79166666666666663 0.81250000000000000 0.83333333333333337
 0.85416666666666663 0.87500000000000000 0.89583333333333337 0.91666666666666663
 0.93750000000000000 0.95833333333333337 0.97916666666666663 1.00000000000000000
-0.97916666666666663-0.95833333333333337-0.93750000000000000-0.91666666666666663
-0.89583333333333337-0.87500000000000000-0.85416666666666663-0.83333333333333337
-0.81250000000000000-0.79166666666666663-0.77083333333333337-0.75000000000000000
-0.72916666666666663-0.70833333333333337-0.68750000000000000-0.66666666666666663
-0.64583333333333337-0.62500000000000000-0.60416666666666663-0.58333333333333337
-0.56250000000000000-0.54166666666666663-0.52083333333333337-0.50000000000000000
-0.47916666666666669-0.45833333333333331-0.43750000000000000-0.41666666666666669
-0.39583333333333331-0.37500000000000000-0.35416666666666669-0.33333333333333331
-0.31250000000000000-0.29166666666666669-0.27083333333333331-0.25000000000000000
-0.22916666666666666-0.20833333333333334-0.18750000000000000-0.16666666666666666
-0.14583333333333334-0.12500000000000000-0.10416666666666667-0.08333333333333333
-0.06250000000000000-0.04166666666666666-0.02083333333333333 0.00000000000000000
 0.02083333333333333 0.04166666666666666 0.06250000000000000 0.08333333333333333
 0.10416666666666667 0.12500000000000000 0.14583333333333334 0.16666666666666666
 0.18750000000000000 0.20833333333333334 0.22916666666666666 0.25000000000000000
 0.27083333333333331 0.29166666666666669 0.31250000000000000 0.33333333333333331
 0.35416666666666669 0.37500000000000000 0.39583333333333331 0.41666666666666669
 0.43750000000000000 0.45833333333333331 0.47916666666666669 0.50000000000000000
 0.52083333333333337 0.54166666666666663 0.56250000000000000 0.58333333333333337
 0.60416666666666663 0.62500000000000000 0.64583333333333337 0.66666666666666663
 0.68750000000000000 0.70833333333333337 0.72916666666666663 0.75000000000000000
 0.77083333333333337 0.79166666666666663 0.81250000000000000 0.83333333333333337
 0.85416666666666663 0.87500000000000000 0.89583333333333337 0.91666666666666663
 0.93750000000000000 0.95833333333333337 0.97916666666666663 1.00000000000000000
-0.97916666666666663-0.95833333333333337-0.93750000000000000-0.91666666666666663
-0.89583333333333337-0.87500000000000000-0.85416666666666663-0.83333333333333337
-0.81250000000000000-0.79166666666666663-0.77083333333333337-0.75000000000000000
-0.72916666666666663-0.70833333333333337-0.68750000000000000-0.66666666666666663
-0.64583333333333337-0.62500000000000000-0.60416666666666663-0.58333333333333337
-0.56250000000000000-0.54166666666666663-0.52083333333333337-0.50000000000000000
-0.47916666666666669-0.45833333333333331-0.43750000000000000-0.41666666666666669
-0.39583333333333331-0.37500000000000000-0.35416666666666669-0.33333333333333331
-0.31250000000000000-0.29166666666666669-0.27083333333333331-0.25000000000000000
-0.22916666666666666-0.20833333333333334-0.18750000000000000-0.16666666666666666
-0.14583333333333334-0.12500000000000000-0.10416666666666667-0.08333333333333333
-0.06250000000000000-0.04166666666666666-0.02083333333333333 0.00000000000000000
 0.02083333333333333 0.04166666666666666 0.06250000000000000 0.08333333333333333
 0.10416666666666667 0.12500000000000000 0.14583333333333334 0.16666666666666666
 0.18750000000000000 0.20833333333333334 0.22916666666666666 0.25000000000000000
 0.27083333333333331 0.29166666666666669 0.31250000000000000 0.33333333333333331
 0.35416666666666669 0.37500000000000000 0.39583333333333331 0.41666666666666669
 0.43750000000000000 0.45833333333333331 0.47916666666666669 0.50000000000000000
 0.52083333333333337 0.54166666666666663 0.56250000000000000 0.58333333333333337
 0.60416666666666663 0.62500000000000000 0.64583333333333337 0.66666666666666663
 0.68750000000000000 0.70833333333333337 0.72916666666666663 0.75000000000000000
 0.77083333333333337 0.79166666666666663 0.81250000000000000 0.83333333333333337
 0.85416666666666663 0.87500000000000000 0.89583333333333337 0.91666666666666663
 0.93750000000000000 0.95833333333333337 0.97916666666666663 1.00000000000000000
-0.97916666666666663-0.95833333333333337-0.93750000000000000-0.91666666666666663
-0.89583333333333337-0.87500000000000000-0.85416666666666663-0.83333333333333337
-0.81250000000000000-0.79166666666666663-0.77083333333333337-0.75000000000000000
-0.72916666666666663-0.70833333333333337-0.68750000000000000-0.66666666666666663
-0.64583333333333337-0.62500000000000000-0.60416666666666663-0.58333333333333337
-0.56250000000000000-0.54166666666666663-0.52083333333333337-0.50000000000000000
-0.47916666666666669-0.45833333333333331-0.43750000000000000-0.41666666666666669
-0.39583333333333331-0.37500000000000000-0.35416666666666669-0.33333333333333331
-0.31250000000000000-0.29166666666666669-0.27083333333333331-0.25000000000000000
-0.22916666666666666-0.20833333333333334-0.18750000000000000-0.16666666666666666
-0.14583333333333334-0.12500000000000000-0.10416666666666667-0.08333333333333333
-0.06250000000000000-0.04166666666666666-0.02083333333333333 0.00000000000000000
 0.02083333333333333 0.04166666666666666 0.06250000000000000 0.08333333333333333
 0.10416666666666667 0.12500000000000000 0.14583333333333334 0.16666666666666666
 0.18750000000000000 0.20833333333333334 0.22916666666666666 0.25000000000000000
 0.27083333333333331 0.29166666666666669 0.31250000000000000 0.33333333333333331
 0.35416666666666669 0.37500000000000000 0.39583333333333331 0.41666666666666669
 0.43750000000000000 0.45833333333333331 0.47916666666666669 0.50000000000000000
 0.52083333333333337 0.54166666666666663 0.56250000000000000 0.58333333333333337
 0.60416666666666663 0.62500000000000000 0.64583333333333337 0.66666666666666663
 0.68750000000000000 0.70833333333333337 0.72916666666666663 0.75000000000000000
 0.77083333333333337 0.79166666666666663 0.81250000000000000 0.83333333333333337
 0.85416666666666663 0.87500000000000000 0.89583333333333337 0.91666666666666663
 0.93750000000000000 0.95833333333333337 0.97916666666666663 1.00000000000000000
-0.97916666666666663-0.95833333333333337-0.93750000000000000-0.91666666666666663
-0.89583333333333337-0.87500000000000000-0.85416666666666663-0.83333333333333337
-0.81250000000000000-0.79166666666666663-0.77083333333333337-0.75000000000000000
-0.72916666666666663-0.70833333333333337-0.68750000000000000-0.66666666666666663
-0.64583333333333337-0.62500000000000000-0.60416666666666663-0.58333333333333337
-0.56250000000000000-0.54166666666666663-0.52083333333333337-0.50000000000000000
-0.47916666666666669-0.45833333333333331-0.43750000000000000-0.41666666666666669
-0.39583333333333331-0.37500000000000000-0.35416666666666669-0.33333333333333331
-0.31250000000000000-0.29166666666666669-0.27083333333333331-0.25000000000000000
-0.22916666666666666-0.20833333333333334-0.18750000000000000-0.16666666666666666
-0.14583333333333334-0.12500000000000000-0.10416666666666667-0.08333333333333333
-0.06250000000000000-0.04166666666666666-0.02083333333333333 0.00000000000000000
 0.02083333333333333 0.04166666666666666 0.06250000000000000 0.08333333333333333
 0.10416666666666667 0.12500000000000000 0.14583333333333334 0.16666666666666666
 0.18750000000000000 0.20833333333333334 0.22916666666666666 0.25000000000000000
 0.27083333333333331 0.29166666666666669 0.31250000000000000 0.33333333333333331
 0.35416666666666669 0.37500000000000000 0.39583333333333331 0.41666666666666669
 0.43750000000000000 0.45833333333333331 0.47916666666666669 0.50000000000000000
 0.52083333333333337 0.54166666666666663 0.56250000000000000 0.58333333333333337
 0.60416666666666663 0.62500000000000000 0.64583333333333337 0.66666666666666663
 0.68750000000000000 0.70833333333333337 0.72916666666666663 0.75000000000000000
 0.77083333333333337 0.79166666666666663 0.81250000000000000 0.83333333333333337
 0.85416666666666663 0.87500000000000000 0.89583333333333337 0.91666666666666663
 0.93750000000000000 0.95833333333333337 0.97916666666666663 1.00000000000000000
 1.00000000000000000 0.00000000000000000 0.00000000000000000 0.00000000000000000
 0.00000000000000000 0.00000000000000000 0.00000000000000000 0.00000000000000000
 0.00000000000000000 0.00000000000000000
